#X	Y	Z
0	0	19.7392
0	1	19.7154
0	2	19.6442
0	3	19.5256
0	4	19.3599
0	5	19.1476
0	6	18.8892
0	7	18.5853
0	8	18.2367
0	9	17.844
0	10	17.4084
0	11	16.9309
0	12	16.4126
0	13	15.8547
0	14	15.2586
0	15	14.6258
0	16	13.9577
0	17	13.256
0	18	12.5224
0	19	11.7586
0	20	10.9665
0	21	10.148
0	22	9.305
0	23	8.4396
0	24	7.55387
0	25	6.64994
0	26	5.72999
0	27	4.79624
0	28	3.85093
0	29	2.89634
0	30	1.93478
0	31	0.968557
0	32	1.20864e-15
0	33	-0.968557
0	34	-1.93478
0	35	-2.89634
0	36	-3.85093
0	37	-4.79624
0	38	-5.72999
0	39	-6.64994
0	40	-7.55387
0	41	-8.4396
0	42	-9.305
0	43	-10.148
0	44	-10.9665
0	45	-11.7586
0	46	-12.5224
0	47	-13.256
0	48	-13.9577
0	49	-14.6258
0	50	-15.2586
0	51	-15.8547
0	52	-16.4126
0	53	-16.9309
0	54	-17.4084
0	55	-17.844
0	56	-18.2367
0	57	-18.5853
0	58	-18.8892
0	59	-19.1476
0	60	-19.3599
0	61	-19.5256
0	62	-19.6442
0	63	-19.7154
0	64	-19.7392

1	0	19.7154
1	1	19.6917
1	2	19.6205
1	3	19.502
1	4	19.3366
1	5	19.1246
1	6	18.8665
1	7	18.5629
1	8	18.2147
1	9	17.8225
1	10	17.3875
1	11	16.9105
1	12	16.3928
1	13	15.8356
1	14	15.2402
1	15	14.6082
1	16	13.9409
1	17	13.2401
1	18	12.5073
1	19	11.7445
1	20	10.9533
1	21	10.1358
1	22	9.29379
1	23	8.42943
1	24	7.54477
1	25	6.64193
1	26	5.72309
1	27	4.79046
1	28	3.84629
1	29	2.89285
1	30	1.93245
1	31	0.96739
1	32	1.20718e-15
1	33	-0.96739
1	34	-1.93245
1	35	-2.89285
1	36	-3.84629
1	37	-4.79046
1	38	-5.72309
1	39	-6.64193
1	40	-7.54477
1	41	-8.42943
1	42	-9.29379
1	43	-10.1358
1	44	-10.9533
1	45	-11.7445
1	46	-12.5073
1	47	-13.2401
1	48	-13.9409
1	49	-14.6082
1	50	-15.2402
1	51	-15.8356
1	52	-16.3928
1	53	-16.9105
1	54	-17.3875
1	55	-17.8225
1	56	-18.2147
1	57	-18.5629
1	58	-18.8665
1	59	-19.1246
1	60	-19.3366
1	61	-19.502
1	62	-19.6205
1	63	-19.6917
1	64	-19.7154

2	0	19.6442
2	1	19.6205
2	2	19.5496
2	3	19.4315
2	4	19.2667
2	5	19.0554
2	6	18.7983
2	7	18.4958
2	8	18.1488
2	9	17.7581
2	10	17.3246
2	11	16.8494
2	12	16.3335
2	13	15.7783
2	14	15.1851
2	15	14.5554
2	16	13.8905
2	17	13.1922
2	18	12.4621
2	19	11.702
2	20	10.9137
2	21	10.0991
2	22	9.26019
2	23	8.39896
2	24	7.51749
2	25	6.61792
2	26	5.7024
2	27	4.77314
2	28	3.83239
2	29	2.8824
2	30	1.92546
2	31	0.963893
2	32	1.20282e-15
2	33	-0.963893
2	34	-1.92546
2	35	-2.8824
2	36	-3.83239
2	37	-4.77314
2	38	-5.7024
2	39	-6.61792
2	40	-7.51749
2	41	-8.39896
2	42	-9.26019
2	43	-10.0991
2	44	-10.9137
2	45	-11.702
2	46	-12.4621
2	47	-13.1922
2	48	-13.8905
2	49	-14.5554
2	50	-15.1851
2	51	-15.7783
2	52	-16.3335
2	53	-16.8494
2	54	-17.3246
2	55	-17.7581
2	56	-18.1488
2	57	-18.4958
2	58	-18.7983
2	59	-19.0554
2	60	-19.2667
2	61	-19.4315
2	62	-19.5496
2	63	-19.6205
2	64	-19.6442

3	0	19.5256
3	1	19.502
3	2	19.4315
3	3	19.3142
3	4	19.1504
3	5	18.9404
3	6	18.6848
3	7	18.3842
3	8	18.0393
3	9	17.6509
3	10	17.22
3	11	16.7476
3	12	16.2349
3	13	15.6831
3	14	15.0935
3	15	14.4675
3	16	13.8067
3	17	13.1126
3	18	12.3869
3	19	11.6314
3	20	10.8478
3	21	10.0381
3	22	9.20429
3	23	8.34825
3	24	7.47211
3	25	6.57796
3	26	5.66797
3	27	4.74432
3	28	3.80925
3	29	2.86499
3	30	1.91384
3	31	0.958074
3	32	1.19556e-15
3	33	-0.958074
3	34	-1.91384
3	35	-2.86499
3	36	-3.80925
3	37	-4.74432
3	38	-5.66797
3	39	-6.57796
3	40	-7.47211
3	41	-8.34825
3	42	-9.20429
3	43	-10.0381
3	44	-10.8478
3	45	-11.6314
3	46	-12.3869
3	47	-13.1126
3	48	-13.8067
3	49	-14.4675
3	50	-15.0935
3	51	-15.6831
3	52	-16.2349
3	53	-16.7476
3	54	-17.22
3	55	-17.6509
3	56	-18.0393
3	57	-18.3842
3	58	-18.6848
3	59	-18.9404
3	60	-19.1504
3	61	-19.3142
3	62	-19.4315
3	63	-19.502
3	64	-19.5256

4	0	19.3599
4	1	19.3366
4	2	19.2667
4	3	19.1504
4	4	18.9879
4	5	18.7797
4	6	18.5263
4	7	18.2282
4	8	17.8862
4	9	17.5012
4	10	17.0739
4	11	16.6056
4	12	16.0972
4	13	15.55
4	14	14.9654
4	15	14.3448
4	16	13.6895
4	17	13.0013
4	18	12.2818
4	19	11.5327
4	20	10.7558
4	21	9.95299
4	22	9.12621
4	23	8.27743
4	24	7.40872
4	25	6.52216
4	26	5.61989
4	27	4.70408
4	28	3.77693
4	29	2.84069
4	30	1.8976
4	31	0.949947
4	32	1.18541e-15
4	33	-0.949947
4	34	-1.8976
4	35	-2.84069
4	36	-3.77693
4	37	-4.70408
4	38	-5.61989
4	39	-6.52216
4	40	-7.40872
4	41	-8.27743
4	42	-9.12621
4	43	-9.95299
4	44	-10.7558
4	45	-11.5327
4	46	-12.2818
4	47	-13.0013
4	48	-13.6895
4	49	-14.3448
4	50	-14.9654
4	51	-15.55
4	52	-16.0972
4	53	-16.6056
4	54	-17.0739
4	55	-17.5012
4	56	-17.8862
4	57	-18.2282
4	58	-18.5263
4	59	-18.7797
4	60	-18.9879
4	61	-19.1504
4	62	-19.2667
4	63	-19.3366
4	64	-19.3599

5	0	19.1476
5	1	19.1246
5	2	19.0554
5	3	18.9404
5	4	18.7797
5	5	18.5738
5	6	18.3232
5	7	18.0284
5	8	17.6901
5	9	17.3093
5	10	16.8867
5	11	16.4235
5	12	15.9207
5	13	15.3795
5	14	14.8013
5	15	14.1875
5	16	13.5394
5	17	12.8588
5	18	12.1471
5	19	11.4062
5	20	10.6379
5	21	9.84386
5	22	9.02614
5	23	8.18668
5	24	7.32749
5	25	6.45065
5	26	5.55827
5	27	4.6525
5	28	3.73552
5	29	2.80954
5	30	1.8768
5	31	0.939531
5	32	1.17242e-15
5	33	-0.939531
5	34	-1.8768
5	35	-2.80954
5	36	-3.73552
5	37	-4.6525
5	38	-5.55827
5	39	-6.45065
5	40	-7.32749
5	41	-8.18668
5	42	-9.02614
5	43	-9.84386
5	44	-10.6379
5	45	-11.4062
5	46	-12.1471
5	47	-12.8588
5	48	-13.5394
5	49	-14.1875
5	50	-14.8013
5	51	-15.3795
5	52	-15.9207
5	53	-16.4235
5	54	-16.8867
5	55	-17.3093
5	56	-17.6901
5	57	-18.0284
5	58	-18.3232
5	59	-18.5738
5	60	-18.7797
5	61	-18.9404
5	62	-19.0554
5	63	-19.1246
5	64	-19.1476

6	0	18.8892
6	1	18.8665
6	2	18.7983
6	3	18.6848
6	4	18.5263
6	5	18.3232
6	6	18.0759
6	7	17.7851
6	8	17.4514
6	9	17.0757
6	10	16.6588
6	11	16.2018
6	12	15.7058
6	13	15.172
6	14	14.6016
6	15	13.996
6	16	13.3567
6	17	12.6852
6	18	11.9832
6	19	11.2523
6	20	10.4943
6	21	9.71101
6	22	8.90433
6	23	8.07619
6	24	7.2286
6	25	6.3636
6	26	5.48326
6	27	4.58971
6	28	3.68511
6	29	2.77163
6	30	1.85147
6	31	0.926851
6	32	1.15659e-15
6	33	-0.926851
6	34	-1.85147
6	35	-2.77163
6	36	-3.68511
6	37	-4.58971
6	38	-5.48326
6	39	-6.3636
6	40	-7.2286
6	41	-8.07619
6	42	-8.90433
6	43	-9.71101
6	44	-10.4943
6	45	-11.2523
6	46	-11.9832
6	47	-12.6852
6	48	-13.3567
6	49	-13.996
6	50	-14.6016
6	51	-15.172
6	52	-15.7058
6	53	-16.2018
6	54	-16.6588
6	55	-17.0757
6	56	-17.4514
6	57	-17.7851
6	58	-18.0759
6	59	-18.3232
6	60	-18.5263
6	61	-18.6848
6	62	-18.7983
6	63	-18.8665
6	64	-18.8892

7	0	18.5853
7	1	18.5629
7	2	18.4958
7	3	18.3842
7	4	18.2282
7	5	18.0284
7	6	17.7851
7	7	17.4989
7	8	17.1706
7	9	16.8009
7	10	16.3908
7	11	15.9412
7	12	15.4531
7	13	14.9279
7	14	14.3667
7	15	13.7708
7	16	13.1418
7	17	12.4811
7	18	11.7904
7	19	11.0713
7	20	10.3255
7	21	9.55477
7	22	8.76107
7	23	7.94625
7	24	7.1123
7	25	6.26121
7	26	5.39504
7	27	4.51587
7	28	3.62582
7	29	2.72704
7	30	1.82168
7	31	0.911939
7	32	1.13799e-15
7	33	-0.911939
7	34	-1.82168
7	35	-2.72704
7	36	-3.62582
7	37	-4.51587
7	38	-5.39504
7	39	-6.26121
7	40	-7.1123
7	41	-7.94625
7	42	-8.76107
7	43	-9.55477
7	44	-10.3255
7	45	-11.0713
7	46	-11.7904
7	47	-12.4811
7	48	-13.1418
7	49	-13.7708
7	50	-14.3667
7	51	-14.9279
7	52	-15.4531
7	53	-15.9412
7	54	-16.3908
7	55	-16.8009
7	56	-17.1706
7	57	-17.4989
7	58	-17.7851
7	59	-18.0284
7	60	-18.2282
7	61	-18.3842
7	62	-18.4958
7	63	-18.5629
7	64	-18.5853

8	0	18.2367
8	1	18.2147
8	2	18.1488
8	3	18.0393
8	4	17.8862
8	5	17.6901
8	6	17.4514
8	7	17.1706
8	8	16.8485
8	9	16.4857
8	10	16.0833
8	11	15.6421
8	12	15.1632
8	13	14.6478
8	14	14.0971
8	15	13.5125
8	16	12.8953
8	17	12.247
8	18	11.5692
8	19	10.8636
8	20	10.1317
8	21	9.37551
8	22	8.5967
8	23	7.79717
8	24	6.97886
8	25	6.14374
8	26	5.29382
8	27	4.43114
8	28	3.55779
8	29	2.67587
8	30	1.7875
8	31	0.89483
8	32	1.11664e-15
8	33	-0.89483
8	34	-1.7875
8	35	-2.67587
8	36	-3.55779
8	37	-4.43114
8	38	-5.29382
8	39	-6.14374
8	40	-6.97886
8	41	-7.79717
8	42	-8.5967
8	43	-9.37551
8	44	-10.1317
8	45	-10.8636
8	46	-11.5692
8	47	-12.247
8	48	-12.8953
8	49	-13.5125
8	50	-14.0971
8	51	-14.6478
8	52	-15.1632
8	53	-15.6421
8	54	-16.0833
8	55	-16.4857
8	56	-16.8485
8	57	-17.1706
8	58	-17.4514
8	59	-17.6901
8	60	-17.8862
8	61	-18.0393
8	62	-18.1488
8	63	-18.2147
8	64	-18.2367

9	0	17.844
9	1	17.8225
9	2	17.7581
9	3	17.6509
9	4	17.5012
9	5	17.3093
9	6	17.0757
9	7	16.8009
9	8	16.4857
9	9	16.1308
9	10	15.737
9	11	15.3053
9	12	14.8368
9	13	14.3325
9	14	13.7936
9	15	13.2216
9	16	12.6176
9	17	11.9833
9	18	11.3201
9	19	10.6297
9	20	9.91361
9	21	9.17367
9	22	8.41162
9	23	7.62931
9	24	6.82862
9	25	6.01147
9	26	5.17985
9	27	4.33575
9	28	3.4812
9	29	2.61826
9	30	1.74902
9	31	0.875565
9	32	1.0926e-15
9	33	-0.875565
9	34	-1.74902
9	35	-2.61826
9	36	-3.4812
9	37	-4.33575
9	38	-5.17985
9	39	-6.01147
9	40	-6.82862
9	41	-7.62931
9	42	-8.41162
9	43	-9.17367
9	44	-9.91361
9	45	-10.6297
9	46	-11.3201
9	47	-11.9833
9	48	-12.6176
9	49	-13.2216
9	50	-13.7936
9	51	-14.3325
9	52	-14.8368
9	53	-15.3053
9	54	-15.737
9	55	-16.1308
9	56	-16.4857
9	57	-16.8009
9	58	-17.0757
9	59	-17.3093
9	60	-17.5012
9	61	-17.6509
9	62	-17.7581
9	63	-17.8225
9	64	-17.844

10	0	17.4084
10	1	17.3875
10	2	17.3246
10	3	17.22
10	4	17.0739
10	5	16.8867
10	6	16.6588
10	7	16.3908
10	8	16.0833
10	9	15.737
10	10	15.3529
10	11	14.9317
10	12	14.4746
10	13	13.9826
10	14	13.4569
10	15	12.8988
10	16	12.3096
10	17	11.6908
10	18	11.0438
10	19	10.3702
10	20	9.6716
10	21	8.94972
10	22	8.20628
10	23	7.44306
10	24	6.66192
10	25	5.86472
10	26	5.0534
10	27	4.2299
10	28	3.39622
10	29	2.55435
10	30	1.70632
10	31	0.854191
10	32	1.06592e-15
10	33	-0.854191
10	34	-1.70632
10	35	-2.55435
10	36	-3.39622
10	37	-4.2299
10	38	-5.0534
10	39	-5.86472
10	40	-6.66192
10	41	-7.44306
10	42	-8.20628
10	43	-8.94972
10	44	-9.6716
10	45	-10.3702
10	46	-11.0438
10	47	-11.6908
10	48	-12.3096
10	49	-12.8988
10	50	-13.4569
10	51	-13.9826
10	52	-14.4746
10	53	-14.9317
10	54	-15.3529
10	55	-15.737
10	56	-16.0833
10	57	-16.3908
10	58	-16.6588
10	59	-16.8867
10	60	-17.0739
10	61	-17.22
10	62	-17.3246
10	63	-17.3875
10	64	-17.4084

11	0	16.9309
11	1	16.9105
11	2	16.8494
11	3	16.7476
11	4	16.6056
11	5	16.4235
11	6	16.2018
11	7	15.9412
11	8	15.6421
11	9	15.3053
11	10	14.9317
11	11	14.5221
11	12	14.0775
11	13	13.599
11	14	13.0878
11	15	12.545
11	16	11.9719
11	17	11.3701
11	18	10.7408
11	19	10.0857
11	20	9.4063
11	21	8.70421
11	22	7.98116
11	23	7.23889
11	24	6.47917
11	25	5.70384
11	26	4.91478
11	27	4.11387
11	28	3.30305
11	29	2.48428
11	30	1.65952
11	31	0.830759
11	32	1.03668e-15
11	33	-0.830759
11	34	-1.65952
11	35	-2.48428
11	36	-3.30305
11	37	-4.11387
11	38	-4.91478
11	39	-5.70384
11	40	-6.47917
11	41	-7.23889
11	42	-7.98116
11	43	-8.70421
11	44	-9.4063
11	45	-10.0857
11	46	-10.7408
11	47	-11.3701
11	48	-11.9719
11	49	-12.545
11	50	-13.0878
11	51	-13.599
11	52	-14.0775
11	53	-14.5221
11	54	-14.9317
11	55	-15.3053
11	56	-15.6421
11	57	-15.9412
11	58	-16.2018
11	59	-16.4235
11	60	-16.6056
11	61	-16.7476
11	62	-16.8494
11	63	-16.9105
11	64	-16.9309

12	0	16.4126
12	1	16.3928
12	2	16.3335
12	3	16.2349
12	4	16.0972
12	5	15.9207
12	6	15.7058
12	7	15.4531
12	8	15.1632
12	9	14.8368
12	10	14.4746
12	11	14.0775
12	12	13.6465
12	13	13.1827
12	14	12.6871
12	15	12.1609
12	16	11.6054
12	17	11.022
12	18	10.412
12	19	9.77695
12	20	9.11833
12	21	8.43774
12	22	7.73682
12	23	7.01727
12	24	6.28081
12	25	5.52922
12	26	4.76431
12	27	3.98792
12	28	3.20193
12	29	2.40822
12	30	1.60871
12	31	0.805326
12	32	1.00495e-15
12	33	-0.805326
12	34	-1.60871
12	35	-2.40822
12	36	-3.20193
12	37	-3.98792
12	38	-4.76431
12	39	-5.52922
12	40	-6.28081
12	41	-7.01727
12	42	-7.73682
12	43	-8.43774
12	44	-9.11833
12	45	-9.77695
12	46	-10.412
12	47	-11.022
12	48	-11.6054
12	49	-12.1609
12	50	-12.6871
12	51	-13.1827
12	52	-13.6465
12	53	-14.0775
12	54	-14.4746
12	55	-14.8368
12	56	-15.1632
12	57	-15.4531
12	58	-15.7058
12	59	-15.9207
12	60	-16.0972
12	61	-16.2349
12	62	-16.3335
12	63	-16.3928
12	64	-16.4126

13	0	15.8547
13	1	15.8356
13	2	15.7783
13	3	15.6831
13	4	15.55
13	5	15.3795
13	6	15.172
13	7	14.9279
13	8	14.6478
13	9	14.3325
13	10	13.9826
13	11	13.599
13	12	13.1827
13	13	12.7346
13	14	12.2558
13	15	11.7475
13	16	11.211
13	17	10.6474
13	18	10.0581
13	19	9.44462
13	20	8.80839
13	21	8.15094
13	22	7.47384
13	23	6.77875
13	24	6.06732
13	25	5.34128
13	26	4.60237
13	27	3.85237
13	28	3.09309
13	29	2.32636
13	30	1.55403
13	31	0.777952
13	32	9.70787e-16
13	33	-0.777952
13	34	-1.55403
13	35	-2.32636
13	36	-3.09309
13	37	-3.85237
13	38	-4.60237
13	39	-5.34128
13	40	-6.06732
13	41	-6.77875
13	42	-7.47384
13	43	-8.15094
13	44	-8.80839
13	45	-9.44462
13	46	-10.0581
13	47	-10.6474
13	48	-11.211
13	49	-11.7475
13	50	-12.2558
13	51	-12.7346
13	52	-13.1827
13	53	-13.599
13	54	-13.9826
13	55	-14.3325
13	56	-14.6478
13	57	-14.9279
13	58	-15.172
13	59	-15.3795
13	60	-15.55
13	61	-15.6831
13	62	-15.7783
13	63	-15.8356
13	64	-15.8547

14	0	15.2586
14	1	15.2402
14	2	15.1851
14	3	15.0935
14	4	14.9654
14	5	14.8013
14	6	14.6016
14	7	14.3667
14	8	14.0971
14	9	13.7936
14	10	13.4569
14	11	13.0878
14	12	12.6871
14	13	12.2558
14	14	11.7951
14	15	11.3059
14	16	10.7895
14	17	10.2471
14	18	9.67996
14	19	9.08955
14	20	8.47723
14	21	7.8445
14	22	7.19286
14	23	6.5239
14	24	5.83922
14	25	5.14047
14	26	4.42934
14	27	3.70754
14	28	2.97681
14	29	2.2389
14	30	1.49561
14	31	0.748705
14	32	9.3429e-16
14	33	-0.748705
14	34	-1.49561
14	35	-2.2389
14	36	-2.97681
14	37	-3.70754
14	38	-4.42934
14	39	-5.14047
14	40	-5.83922
14	41	-6.5239
14	42	-7.19286
14	43	-7.8445
14	44	-8.47723
14	45	-9.08955
14	46	-9.67996
14	47	-10.2471
14	48	-10.7895
14	49	-11.3059
14	50	-11.7951
14	51	-12.2558
14	52	-12.6871
14	53	-13.0878
14	54	-13.4569
14	55	-13.7936
14	56	-14.0971
14	57	-14.3667
14	58	-14.6016
14	59	-14.8013
14	60	-14.9654
14	61	-15.0935
14	62	-15.1851
14	63	-15.2402
14	64	-15.2586

15	0	14.6258
15	1	14.6082
15	2	14.5554
15	3	14.4675
15	4	14.3448
15	5	14.1875
15	6	13.996
15	7	13.7708
15	8	13.5125
15	9	13.2216
15	10	12.8988
15	11	12.545
15	12	12.1609
15	13	11.7475
15	14	11.3059
15	15	10.837
15	16	10.342
15	17	9.82208
15	18	9.2785
15	19	8.71257
15	20	8.12565
15	21	7.51916
15	22	6.89455
15	23	6.25333
15	24	5.59705
15	25	4.92728
15	26	4.24564
15	27	3.55378
15	28	2.85335
15	29	2.14605
15	30	1.43358
15	31	0.717653
15	32	8.95542e-16
15	33	-0.717653
15	34	-1.43358
15	35	-2.14605
15	36	-2.85335
15	37	-3.55378
15	38	-4.24564
15	39	-4.92728
15	40	-5.59705
15	41	-6.25333
15	42	-6.89455
15	43	-7.51916
15	44	-8.12565
15	45	-8.71257
15	46	-9.2785
15	47	-9.82208
15	48	-10.342
15	49	-10.837
15	50	-11.3059
15	51	-11.7475
15	52	-12.1609
15	53	-12.545
15	54	-12.8988
15	55	-13.2216
15	56	-13.5125
15	57	-13.7708
15	58	-13.996
15	59	-14.1875
15	60	-14.3448
15	61	-14.4675
15	62	-14.5554
15	63	-14.6082
15	64	-14.6258

16	0	13.9577
16	1	13.9409
16	2	13.8905
16	3	13.8067
16	4	13.6895
16	5	13.5394
16	6	13.3567
16	7	13.1418
16	8	12.8953
16	9	12.6176
16	10	12.3096
16	11	11.9719
16	12	11.6054
16	13	11.211
16	14	10.7895
16	15	10.342
16	16	9.8696
16	17	9.37344
16	18	8.85469
16	19	8.31461
16	20	7.7545
16	21	7.17571
16	22	6.57963
16	23	5.9677
16	24	5.34139
16	25	4.70222
16	26	4.05171
16	27	3.39145
16	28	2.72302
16	29	2.04802
16	30	1.3681
16	31	0.684873
16	32	8.54636e-16
16	33	-0.684873
16	34	-1.3681
16	35	-2.04802
16	36	-2.72302
16	37	-3.39145
16	38	-4.05171
16	39	-4.70222
16	40	-5.34139
16	41	-5.9677
16	42	-6.57963
16	43	-7.17571
16	44	-7.7545
16	45	-8.31461
16	46	-8.85469
16	47	-9.37344
16	48	-9.8696
16	49	-10.342
16	50	-10.7895
16	51	-11.211
16	52	-11.6054
16	53	-11.9719
16	54	-12.3096
16	55	-12.6176
16	56	-12.8953
16	57	-13.1418
16	58	-13.3567
16	59	-13.5394
16	60	-13.6895
16	61	-13.8067
16	62	-13.8905
16	63	-13.9409
16	64	-13.9577

17	0	13.256
17	1	13.2401
17	2	13.1922
17	3	13.1126
17	4	13.0013
17	5	12.8588
17	6	12.6852
17	7	12.4811
17	8	12.247
17	9	11.9833
17	10	11.6908
17	11	11.3701
17	12	11.022
17	13	10.6474
17	14	10.2471
17	15	9.82208
17	16	9.37344
17	17	8.90221
17	18	8.40954
17	19	7.89662
17	20	7.36466
17	21	6.81497
17	22	6.24886
17	23	5.66769
17	24	5.07287
17	25	4.46583
17	26	3.84803
17	27	3.22096
17	28	2.58613
17	29	1.94507
17	30	1.29932
17	31	0.650443
17	32	8.11672e-16
17	33	-0.650443
17	34	-1.29932
17	35	-1.94507
17	36	-2.58613
17	37	-3.22096
17	38	-3.84803
17	39	-4.46583
17	40	-5.07287
17	41	-5.66769
17	42	-6.24886
17	43	-6.81497
17	44	-7.36466
17	45	-7.89662
17	46	-8.40954
17	47	-8.90221
17	48	-9.37344
17	49	-9.82208
17	50	-10.2471
17	51	-10.6474
17	52	-11.022
17	53	-11.3701
17	54	-11.6908
17	55	-11.9833
17	56	-12.247
17	57	-12.4811
17	58	-12.6852
17	59	-12.8588
17	60	-13.0013
17	61	-13.1126
17	62	-13.1922
17	63	-13.2401
17	64	-13.256

18	0	12.5224
18	1	12.5073
18	2	12.4621
18	3	12.3869
18	4	12.2818
18	5	12.1471
18	6	11.9832
18	7	11.7904
18	8	11.5692
18	9	11.3201
18	10	11.0438
18	11	10.7408
18	12	10.412
18	13	10.0581
18	14	9.67996
18	15	9.2785
18	16	8.85469
18	17	8.40954
18	18	7.94414
18	19	7.4596
18	20	6.95708
18	21	6.43781
18	22	5.90303
18	23	5.35403
18	24	4.79212
18	25	4.21868
18	26	3.63507
18	27	3.0427
18	28	2.443
18	29	1.83742
18	30	1.22741
18	31	0.614446
18	32	7.66752e-16
18	33	-0.614446
18	34	-1.22741
18	35	-1.83742
18	36	-2.443
18	37	-3.0427
18	38	-3.63507
18	39	-4.21868
18	40	-4.79212
18	41	-5.35403
18	42	-5.90303
18	43	-6.43781
18	44	-6.95708
18	45	-7.4596
18	46	-7.94414
18	47	-8.40954
18	48	-8.85469
18	49	-9.2785
18	50	-9.67996
18	51	-10.0581
18	52	-10.412
18	53	-10.7408
18	54	-11.0438
18	55	-11.3201
18	56	-11.5692
18	57	-11.7904
18	58	-11.9832
18	59	-12.1471
18	60	-12.2818
18	61	-12.3869
18	62	-12.4621
18	63	-12.5073
18	64	-12.5224

19	0	11.7586
19	1	11.7445
19	2	11.702
19	3	11.6314
19	4	11.5327
19	5	11.4062
19	6	11.2523
19	7	11.0713
19	8	10.8636
19	9	10.6297
19	10	10.3702
19	11	10.0857
19	12	9.77695
19	13	9.44462
19	14	9.08955
19	15	8.71257
19	16	8.31461
19	17	7.89662
19	18	7.4596
19	19	7.00461
19	20	6.53275
19	21	6.04515
19	22	5.54298
19	23	5.02746
19	24	4.49983
19	25	3.96136
19	26	3.41335
19	27	2.85711
19	28	2.294
19	29	1.72535
19	30	1.15255
19	31	0.576969
19	32	7.19985e-16
19	33	-0.576969
19	34	-1.15255
19	35	-1.72535
19	36	-2.294
19	37	-2.85711
19	38	-3.41335
19	39	-3.96136
19	40	-4.49983
19	41	-5.02746
19	42	-5.54298
19	43	-6.04515
19	44	-6.53275
19	45	-7.00461
19	46	-7.4596
19	47	-7.89662
19	48	-8.31461
19	49	-8.71257
19	50	-9.08955
19	51	-9.44462
19	52	-9.77695
19	53	-10.0857
19	54	-10.3702
19	55	-10.6297
19	56	-10.8636
19	57	-11.0713
19	58	-11.2523
19	59	-11.4062
19	60	-11.5327
19	61	-11.6314
19	62	-11.702
19	63	-11.7445
19	64	-11.7586

20	0	10.9665
20	1	10.9533
20	2	10.9137
20	3	10.8478
20	4	10.7558
20	5	10.6379
20	6	10.4943
20	7	10.3255
20	8	10.1317
20	9	9.91361
20	10	9.6716
20	11	9.4063
20	12	9.11833
20	13	8.80839
20	14	8.47723
20	15	8.12565
20	16	7.7545
20	17	7.36466
20	18	6.95708
20	19	6.53275
20	20	6.09267
20	21	5.63792
20	22	5.16958
20	23	4.68879
20	24	4.1967
20	25	3.69451
20	26	3.18341
20	27	2.66465
20	28	2.13946
20	29	1.60912
20	30	1.07491
20	31	0.538101
20	32	6.71483e-16
20	33	-0.538101
20	34	-1.07491
20	35	-1.60912
20	36	-2.13946
20	37	-2.66465
20	38	-3.18341
20	39	-3.69451
20	40	-4.1967
20	41	-4.68879
20	42	-5.16958
20	43	-5.63792
20	44	-6.09267
20	45	-6.53275
20	46	-6.95708
20	47	-7.36466
20	48	-7.7545
20	49	-8.12565
20	50	-8.47723
20	51	-8.80839
20	52	-9.11833
20	53	-9.4063
20	54	-9.6716
20	55	-9.91361
20	56	-10.1317
20	57	-10.3255
20	58	-10.4943
20	59	-10.6379
20	60	-10.7558
20	61	-10.8478
20	62	-10.9137
20	63	-10.9533
20	64	-10.9665

21	0	10.148
21	1	10.1358
21	2	10.0991
21	3	10.0381
21	4	9.95299
21	5	9.84386
21	6	9.71101
21	7	9.55477
21	8	9.37551
21	9	9.17367
21	10	8.94972
21	11	8.70421
21	12	8.43774
21	13	8.15094
21	14	7.8445
21	15	7.51916
21	16	7.17571
21	17	6.81497
21	18	6.43781
21	19	6.04515
21	20	5.63792
21	21	5.21711
21	22	4.78373
21	23	4.33882
21	24	3.88346
21	25	3.41875
21	26	2.9458
21	27	2.46576
21	28	1.97977
21	29	1.48902
21	30	0.994676
21	31	0.497938
21	32	6.21364e-16
21	33	-0.497938
21	34	-0.994676
21	35	-1.48902
21	36	-1.97977
21	37	-2.46576
21	38	-2.9458
21	39	-3.41875
21	40	-3.88346
21	41	-4.33882
21	42	-4.78373
21	43	-5.21711
21	44	-5.63792
21	45	-6.04515
21	46	-6.43781
21	47	-6.81497
21	48	-7.17571
21	49	-7.51916
21	50	-7.8445
21	51	-8.15094
21	52	-8.43774
21	53	-8.70421
21	54	-8.94972
21	55	-9.17367
21	56	-9.37551
21	57	-9.55477
21	58	-9.71101
21	59	-9.84386
21	60	-9.95299
21	61	-10.0381
21	62	-10.0991
21	63	-10.1358
21	64	-10.148

22	0	9.305
22	1	9.29379
22	2	9.26019
22	3	9.20429
22	4	9.12621
22	5	9.02614
22	6	8.90433
22	7	8.76107
22	8	8.5967
22	9	8.41162
22	10	8.20628
22	11	7.98116
22	12	7.73682
22	13	7.47384
22	14	7.19286
22	15	6.89455
22	16	6.57963
22	17	6.24886
22	18	5.90303
22	19	5.54298
22	20	5.16958
22	21	4.78373
22	22	4.38635
22	23	3.9784
22	24	3.56087
22	25	3.13476
22	26	2.7011
22	27	2.26093
22	28	1.81532
22	29	1.36533
22	30	0.912049
22	31	0.456575
22	32	5.69748e-16
22	33	-0.456575
22	34	-0.912049
22	35	-1.36533
22	36	-1.81532
22	37	-2.26093
22	38	-2.7011
22	39	-3.13476
22	40	-3.56087
22	41	-3.9784
22	42	-4.38635
22	43	-4.78373
22	44	-5.16958
22	45	-5.54298
22	46	-5.90303
22	47	-6.24886
22	48	-6.57963
22	49	-6.89455
22	50	-7.19286
22	51	-7.47384
22	52	-7.73682
22	53	-7.98116
22	54	-8.20628
22	55	-8.41162
22	56	-8.5967
22	57	-8.76107
22	58	-8.90433
22	59	-9.02614
22	60	-9.12621
22	61	-9.20429
22	62	-9.26019
22	63	-9.29379
22	64	-9.305

23	0	8.4396
23	1	8.42943
23	2	8.39896
23	3	8.34825
23	4	8.27743
23	5	8.18668
23	6	8.07619
23	7	7.94625
23	8	7.79717
23	9	7.62931
23	10	7.44306
23	11	7.23889
23	12	7.01727
23	13	6.77875
23	14	6.5239
23	15	6.25333
23	16	5.9677
23	17	5.66769
23	18	5.35403
23	19	5.02746
23	20	4.68879
23	21	4.33882
23	22	3.9784
23	23	3.60839
23	24	3.22969
23	25	2.84322
23	26	2.44989
23	27	2.05066
23	28	1.64648
23	29	1.23835
23	30	0.827225
23	31	0.414112
23	32	5.16759e-16
23	33	-0.414112
23	34	-0.827225
23	35	-1.23835
23	36	-1.64648
23	37	-2.05066
23	38	-2.44989
23	39	-2.84322
23	40	-3.22969
23	41	-3.60839
23	42	-3.9784
23	43	-4.33882
23	44	-4.68879
23	45	-5.02746
23	46	-5.35403
23	47	-5.66769
23	48	-5.9677
23	49	-6.25333
23	50	-6.5239
23	51	-6.77875
23	52	-7.01727
23	53	-7.23889
23	54	-7.44306
23	55	-7.62931
23	56	-7.79717
23	57	-7.94625
23	58	-8.07619
23	59	-8.18668
23	60	-8.27743
23	61	-8.34825
23	62	-8.39896
23	63	-8.42943
23	64	-8.4396

24	0	7.55387
24	1	7.54477
24	2	7.51749
24	3	7.47211
24	4	7.40872
24	5	7.32749
24	6	7.2286
24	7	7.1123
24	8	6.97886
24	9	6.82862
24	10	6.66192
24	11	6.47917
24	12	6.28081
24	13	6.06732
24	14	5.83922
24	15	5.59705
24	16	5.34139
24	17	5.07287
24	18	4.79212
24	19	4.49983
24	20	4.1967
24	21	3.88346
24	22	3.56087
24	23	3.22969
24	24	2.89074
24	25	2.54482
24	26	2.19277
24	27	1.83544
24	28	1.47369
24	29	1.10838
24	30	0.740409
24	31	0.370651
24	32	4.62526e-16
24	33	-0.370651
24	34	-0.740409
24	35	-1.10838
24	36	-1.47369
24	37	-1.83544
24	38	-2.19277
24	39	-2.54482
24	40	-2.89074
24	41	-3.22969
24	42	-3.56087
24	43	-3.88346
24	44	-4.1967
24	45	-4.49983
24	46	-4.79212
24	47	-5.07287
24	48	-5.34139
24	49	-5.59705
24	50	-5.83922
24	51	-6.06732
24	52	-6.28081
24	53	-6.47917
24	54	-6.66192
24	55	-6.82862
24	56	-6.97886
24	57	-7.1123
24	58	-7.2286
24	59	-7.32749
24	60	-7.40872
24	61	-7.47211
24	62	-7.51749
24	63	-7.54477
24	64	-7.55387

25	0	6.64994
25	1	6.64193
25	2	6.61792
25	3	6.57796
25	4	6.52216
25	5	6.45065
25	6	6.3636
25	7	6.26121
25	8	6.14374
25	9	6.01147
25	10	5.86472
25	11	5.70384
25	12	5.52922
25	13	5.34128
25	14	5.14047
25	15	4.92728
25	16	4.70222
25	17	4.46583
25	18	4.21868
25	19	3.96136
25	20	3.69451
25	21	3.41875
25	22	3.13476
25	23	2.84322
25	24	2.54482
25	25	2.2403
25	26	1.93038
25	27	1.6158
25	28	1.29734
25	29	0.975749
25	30	0.651808
25	31	0.326297
25	32	4.07178e-16
25	33	-0.326297
25	34	-0.651808
25	35	-0.975749
25	36	-1.29734
25	37	-1.6158
25	38	-1.93038
25	39	-2.2403
25	40	-2.54482
25	41	-2.84322
25	42	-3.13476
25	43	-3.41875
25	44	-3.69451
25	45	-3.96136
25	46	-4.21868
25	47	-4.46583
25	48	-4.70222
25	49	-4.92728
25	50	-5.14047
25	51	-5.34128
25	52	-5.52922
25	53	-5.70384
25	54	-5.86472
25	55	-6.01147
25	56	-6.14374
25	57	-6.26121
25	58	-6.3636
25	59	-6.45065
25	60	-6.52216
25	61	-6.57796
25	62	-6.61792
25	63	-6.64193
25	64	-6.64994

26	0	5.72999
26	1	5.72309
26	2	5.7024
26	3	5.66797
26	4	5.61989
26	5	5.55827
26	6	5.48326
26	7	5.39504
26	8	5.29382
26	9	5.17985
26	10	5.0534
26	11	4.91478
26	12	4.76431
26	13	4.60237
26	14	4.42934
26	15	4.24564
26	16	4.05171
26	17	3.84803
26	18	3.63507
26	19	3.41335
26	20	3.18341
26	21	2.9458
26	22	2.7011
26	23	2.44989
26	24	2.19277
26	25	1.93038
26	26	1.66333
26	27	1.39227
26	28	1.11787
26	29	0.840764
26	30	0.561637
26	31	0.281157
26	32	3.50849e-16
26	33	-0.281157
26	34	-0.561637
26	35	-0.840764
26	36	-1.11787
26	37	-1.39227
26	38	-1.66333
26	39	-1.93038
26	40	-2.19277
26	41	-2.44989
26	42	-2.7011
26	43	-2.9458
26	44	-3.18341
26	45	-3.41335
26	46	-3.63507
26	47	-3.84803
26	48	-4.05171
26	49	-4.24564
26	50	-4.42934
26	51	-4.60237
26	52	-4.76431
26	53	-4.91478
26	54	-5.0534
26	55	-5.17985
26	56	-5.29382
26	57	-5.39504
26	58	-5.48326
26	59	-5.55827
26	60	-5.61989
26	61	-5.66797
26	62	-5.7024
26	63	-5.72309
26	64	-5.72999

27	0	4.79624
27	1	4.79046
27	2	4.77314
27	3	4.74432
27	4	4.70408
27	5	4.6525
27	6	4.58971
27	7	4.51587
27	8	4.43114
27	9	4.33575
27	10	4.2299
27	11	4.11387
27	12	3.98792
27	13	3.85237
27	14	3.70754
27	15	3.55378
27	16	3.39145
27	17	3.22096
27	18	3.0427
27	19	2.85711
27	20	2.66465
27	21	2.46576
27	22	2.26093
27	23	2.05066
27	24	1.83544
27	25	1.6158
27	26	1.39227
27	27	1.16539
27	28	0.935699
27	29	0.703754
27	30	0.470113
27	31	0.23534
27	32	2.93675e-16
27	33	-0.23534
27	34	-0.470113
27	35	-0.703754
27	36	-0.935699
27	37	-1.16539
27	38	-1.39227
27	39	-1.6158
27	40	-1.83544
27	41	-2.05066
27	42	-2.26093
27	43	-2.46576
27	44	-2.66465
27	45	-2.85711
27	46	-3.0427
27	47	-3.22096
27	48	-3.39145
27	49	-3.55378
27	50	-3.70754
27	51	-3.85237
27	52	-3.98792
27	53	-4.11387
27	54	-4.2299
27	55	-4.33575
27	56	-4.43114
27	57	-4.51587
27	58	-4.58971
27	59	-4.6525
27	60	-4.70408
27	61	-4.74432
27	62	-4.77314
27	63	-4.79046
27	64	-4.79624

28	0	3.85093
28	1	3.84629
28	2	3.83239
28	3	3.80925
28	4	3.77693
28	5	3.73552
28	6	3.68511
28	7	3.62582
28	8	3.55779
28	9	3.4812
28	10	3.39622
28	11	3.30305
28	12	3.20193
28	13	3.09309
28	14	2.97681
28	15	2.85335
28	16	2.72302
28	17	2.58613
28	18	2.443
28	19	2.294
28	20	2.13946
28	21	1.97977
28	22	1.81532
28	23	1.64648
28	24	1.47369
28	25	1.29734
28	26	1.11787
28	27	0.935699
28	28	0.751279
28	29	0.565049
28	30	0.377457
28	31	0.188956
28	32	2.35794e-16
28	33	-0.188956
28	34	-0.377457
28	35	-0.565049
28	36	-0.751279
28	37	-0.935699
28	38	-1.11787
28	39	-1.29734
28	40	-1.47369
28	41	-1.64648
28	42	-1.81532
28	43	-1.97977
28	44	-2.13946
28	45	-2.294
28	46	-2.443
28	47	-2.58613
28	48	-2.72302
28	49	-2.85335
28	50	-2.97681
28	51	-3.09309
28	52	-3.20193
28	53	-3.30305
28	54	-3.39622
28	55	-3.4812
28	56	-3.55779
28	57	-3.62582
28	58	-3.68511
28	59	-3.73552
28	60	-3.77693
28	61	-3.80925
28	62	-3.83239
28	63	-3.84629
28	64	-3.85093

29	0	2.89634
29	1	2.89285
29	2	2.8824
29	3	2.86499
29	4	2.84069
29	5	2.80954
29	6	2.77163
29	7	2.72704
29	8	2.67587
29	9	2.61826
29	10	2.55435
29	11	2.48428
29	12	2.40822
29	13	2.32636
29	14	2.2389
29	15	2.14605
29	16	2.04802
29	17	1.94507
29	18	1.83742
29	19	1.72535
29	20	1.60912
29	21	1.48902
29	22	1.36533
29	23	1.23835
29	24	1.10838
29	25	0.975749
29	26	0.840764
29	27	0.703754
29	28	0.565049
29	29	0.424982
29	30	0.283891
29	31	0.142117
29	32	1.77344e-16
29	33	-0.142117
29	34	-0.283891
29	35	-0.424982
29	36	-0.565049
29	37	-0.703754
29	38	-0.840764
29	39	-0.975749
29	40	-1.10838
29	41	-1.23835
29	42	-1.36533
29	43	-1.48902
29	44	-1.60912
29	45	-1.72535
29	46	-1.83742
29	47	-1.94507
29	48	-2.04802
29	49	-2.14605
29	50	-2.2389
29	51	-2.32636
29	52	-2.40822
29	53	-2.48428
29	54	-2.55435
29	55	-2.61826
29	56	-2.67587
29	57	-2.72704
29	58	-2.77163
29	59	-2.80954
29	60	-2.84069
29	61	-2.86499
29	62	-2.8824
29	63	-2.89285
29	64	-2.89634

30	0	1.93478
30	1	1.93245
30	2	1.92546
30	3	1.91384
30	4	1.8976
30	5	1.8768
30	6	1.85147
30	7	1.82168
30	8	1.7875
30	9	1.74902
30	10	1.70632
30	11	1.65952
30	12	1.60871
30	13	1.55403
30	14	1.49561
30	15	1.43358
30	16	1.3681
30	17	1.29932
30	18	1.22741
30	19	1.15255
30	20	1.07491
30	21	0.994676
30	22	0.912049
30	23	0.827225
30	24	0.740409
30	25	0.651808
30	26	0.561637
30	27	0.470113
30	28	0.377457
30	29	0.283891
30	30	0.189642
30	31	0.0949352
30	32	1.18467e-16
30	33	-0.0949352
30	34	-0.189642
30	35	-0.283891
30	36	-0.377457
30	37	-0.470113
30	38	-0.561637
30	39	-0.651808
30	40	-0.740409
30	41	-0.827225
30	42	-0.912049
30	43	-0.994676
30	44	-1.07491
30	45	-1.15255
30	46	-1.22741
30	47	-1.29932
30	48	-1.3681
30	49	-1.43358
30	50	-1.49561
30	51	-1.55403
30	52	-1.60871
30	53	-1.65952
30	54	-1.70632
30	55	-1.74902
30	56	-1.7875
30	57	-1.82168
30	58	-1.85147
30	59	-1.8768
30	60	-1.8976
30	61	-1.91384
30	62	-1.92546
30	63	-1.93245
30	64	-1.93478

31	0	0.968557
31	1	0.96739
31	2	0.963893
31	3	0.958074
31	4	0.949947
31	5	0.939531
31	6	0.926851
31	7	0.911939
31	8	0.89483
31	9	0.875565
31	10	0.854191
31	11	0.830759
31	12	0.805326
31	13	0.777952
31	14	0.748705
31	15	0.717653
31	16	0.684873
31	17	0.650443
31	18	0.614446
31	19	0.576969
31	20	0.538101
31	21	0.497938
31	22	0.456575
31	23	0.414112
31	24	0.370651
31	25	0.326297
31	26	0.281157
31	27	0.23534
31	28	0.188956
31	29	0.142117
31	30	0.0949352
31	31	0.0475248
31	32	5.93051e-17
31	33	-0.0475248
31	34	-0.0949352
31	35	-0.142117
31	36	-0.188956
31	37	-0.23534
31	38	-0.281157
31	39	-0.326297
31	40	-0.370651
31	41	-0.414112
31	42	-0.456575
31	43	-0.497938
31	44	-0.538101
31	45	-0.576969
31	46	-0.614446
31	47	-0.650443
31	48	-0.684873
31	49	-0.717653
31	50	-0.748705
31	51	-0.777952
31	52	-0.805326
31	53	-0.830759
31	54	-0.854191
31	55	-0.875565
31	56	-0.89483
31	57	-0.911939
31	58	-0.926851
31	59	-0.939531
31	60	-0.949947
31	61	-0.958074
31	62	-0.963893
31	63	-0.96739
31	64	-0.968557

32	0	1.20864e-15
32	1	1.20718e-15
32	2	1.20282e-15
32	3	1.19556e-15
32	4	1.18541e-15
32	5	1.17242e-15
32	6	1.15659e-15
32	7	1.13799e-15
32	8	1.11664e-15
32	9	1.0926e-15
32	10	1.06592e-15
32	11	1.03668e-15
32	12	1.00495e-15
32	13	9.70787e-16
32	14	9.3429e-16
32	15	8.95542e-16
32	16	8.54636e-16
32	17	8.11672e-16
32	18	7.66752e-16
32	19	7.19985e-16
32	20	6.71483e-16
32	21	6.21364e-16
32	22	5.69748e-16
32	23	5.16759e-16
32	24	4.62526e-16
32	25	4.07178e-16
32	26	3.50849e-16
32	27	2.93675e-16
32	28	2.35794e-16
32	29	1.77344e-16
32	30	1.18467e-16
32	31	5.93051e-17
32	32	7.40053e-32
32	33	-5.93051e-17
32	34	-1.18467e-16
32	35	-1.77344e-16
32	36	-2.35794e-16
32	37	-2.93675e-16
32	38	-3.50849e-16
32	39	-4.07178e-16
32	40	-4.62526e-16
32	41	-5.16759e-16
32	42	-5.69748e-16
32	43	-6.21364e-16
32	44	-6.71483e-16
32	45	-7.19985e-16
32	46	-7.66752e-16
32	47	-8.11672e-16
32	48	-8.54636e-16
32	49	-8.95542e-16
32	50	-9.3429e-16
32	51	-9.70787e-16
32	52	-1.00495e-15
32	53	-1.03668e-15
32	54	-1.06592e-15
32	55	-1.0926e-15
32	56	-1.11664e-15
32	57	-1.13799e-15
32	58	-1.15659e-15
32	59	-1.17242e-15
32	60	-1.18541e-15
32	61	-1.19556e-15
32	62	-1.20282e-15
32	63	-1.20718e-15
32	64	-1.20864e-15

33	0	-0.968557
33	1	-0.96739
33	2	-0.963893
33	3	-0.958074
33	4	-0.949947
33	5	-0.939531
33	6	-0.926851
33	7	-0.911939
33	8	-0.89483
33	9	-0.875565
33	10	-0.854191
33	11	-0.830759
33	12	-0.805326
33	13	-0.777952
33	14	-0.748705
33	15	-0.717653
33	16	-0.684873
33	17	-0.650443
33	18	-0.614446
33	19	-0.576969
33	20	-0.538101
33	21	-0.497938
33	22	-0.456575
33	23	-0.414112
33	24	-0.370651
33	25	-0.326297
33	26	-0.281157
33	27	-0.23534
33	28	-0.188956
33	29	-0.142117
33	30	-0.0949352
33	31	-0.0475248
33	32	-5.93051e-17
33	33	0.0475248
33	34	0.0949352
33	35	0.142117
33	36	0.188956
33	37	0.23534
33	38	0.281157
33	39	0.326297
33	40	0.370651
33	41	0.414112
33	42	0.456575
33	43	0.497938
33	44	0.538101
33	45	0.576969
33	46	0.614446
33	47	0.650443
33	48	0.684873
33	49	0.717653
33	50	0.748705
33	51	0.777952
33	52	0.805326
33	53	0.830759
33	54	0.854191
33	55	0.875565
33	56	0.89483
33	57	0.911939
33	58	0.926851
33	59	0.939531
33	60	0.949947
33	61	0.958074
33	62	0.963893
33	63	0.96739
33	64	0.968557

34	0	-1.93478
34	1	-1.93245
34	2	-1.92546
34	3	-1.91384
34	4	-1.8976
34	5	-1.8768
34	6	-1.85147
34	7	-1.82168
34	8	-1.7875
34	9	-1.74902
34	10	-1.70632
34	11	-1.65952
34	12	-1.60871
34	13	-1.55403
34	14	-1.49561
34	15	-1.43358
34	16	-1.3681
34	17	-1.29932
34	18	-1.22741
34	19	-1.15255
34	20	-1.07491
34	21	-0.994676
34	22	-0.912049
34	23	-0.827225
34	24	-0.740409
34	25	-0.651808
34	26	-0.561637
34	27	-0.470113
34	28	-0.377457
34	29	-0.283891
34	30	-0.189642
34	31	-0.0949352
34	32	-1.18467e-16
34	33	0.0949352
34	34	0.189642
34	35	0.283891
34	36	0.377457
34	37	0.470113
34	38	0.561637
34	39	0.651808
34	40	0.740409
34	41	0.827225
34	42	0.912049
34	43	0.994676
34	44	1.07491
34	45	1.15255
34	46	1.22741
34	47	1.29932
34	48	1.3681
34	49	1.43358
34	50	1.49561
34	51	1.55403
34	52	1.60871
34	53	1.65952
34	54	1.70632
34	55	1.74902
34	56	1.7875
34	57	1.82168
34	58	1.85147
34	59	1.8768
34	60	1.8976
34	61	1.91384
34	62	1.92546
34	63	1.93245
34	64	1.93478

35	0	-2.89634
35	1	-2.89285
35	2	-2.8824
35	3	-2.86499
35	4	-2.84069
35	5	-2.80954
35	6	-2.77163
35	7	-2.72704
35	8	-2.67587
35	9	-2.61826
35	10	-2.55435
35	11	-2.48428
35	12	-2.40822
35	13	-2.32636
35	14	-2.2389
35	15	-2.14605
35	16	-2.04802
35	17	-1.94507
35	18	-1.83742
35	19	-1.72535
35	20	-1.60912
35	21	-1.48902
35	22	-1.36533
35	23	-1.23835
35	24	-1.10838
35	25	-0.975749
35	26	-0.840764
35	27	-0.703754
35	28	-0.565049
35	29	-0.424982
35	30	-0.283891
35	31	-0.142117
35	32	-1.77344e-16
35	33	0.142117
35	34	0.283891
35	35	0.424982
35	36	0.565049
35	37	0.703754
35	38	0.840764
35	39	0.975749
35	40	1.10838
35	41	1.23835
35	42	1.36533
35	43	1.48902
35	44	1.60912
35	45	1.72535
35	46	1.83742
35	47	1.94507
35	48	2.04802
35	49	2.14605
35	50	2.2389
35	51	2.32636
35	52	2.40822
35	53	2.48428
35	54	2.55435
35	55	2.61826
35	56	2.67587
35	57	2.72704
35	58	2.77163
35	59	2.80954
35	60	2.84069
35	61	2.86499
35	62	2.8824
35	63	2.89285
35	64	2.89634

36	0	-3.85093
36	1	-3.84629
36	2	-3.83239
36	3	-3.80925
36	4	-3.77693
36	5	-3.73552
36	6	-3.68511
36	7	-3.62582
36	8	-3.55779
36	9	-3.4812
36	10	-3.39622
36	11	-3.30305
36	12	-3.20193
36	13	-3.09309
36	14	-2.97681
36	15	-2.85335
36	16	-2.72302
36	17	-2.58613
36	18	-2.443
36	19	-2.294
36	20	-2.13946
36	21	-1.97977
36	22	-1.81532
36	23	-1.64648
36	24	-1.47369
36	25	-1.29734
36	26	-1.11787
36	27	-0.935699
36	28	-0.751279
36	29	-0.565049
36	30	-0.377457
36	31	-0.188956
36	32	-2.35794e-16
36	33	0.188956
36	34	0.377457
36	35	0.565049
36	36	0.751279
36	37	0.935699
36	38	1.11787
36	39	1.29734
36	40	1.47369
36	41	1.64648
36	42	1.81532
36	43	1.97977
36	44	2.13946
36	45	2.294
36	46	2.443
36	47	2.58613
36	48	2.72302
36	49	2.85335
36	50	2.97681
36	51	3.09309
36	52	3.20193
36	53	3.30305
36	54	3.39622
36	55	3.4812
36	56	3.55779
36	57	3.62582
36	58	3.68511
36	59	3.73552
36	60	3.77693
36	61	3.80925
36	62	3.83239
36	63	3.84629
36	64	3.85093

37	0	-4.79624
37	1	-4.79046
37	2	-4.77314
37	3	-4.74432
37	4	-4.70408
37	5	-4.6525
37	6	-4.58971
37	7	-4.51587
37	8	-4.43114
37	9	-4.33575
37	10	-4.2299
37	11	-4.11387
37	12	-3.98792
37	13	-3.85237
37	14	-3.70754
37	15	-3.55378
37	16	-3.39145
37	17	-3.22096
37	18	-3.0427
37	19	-2.85711
37	20	-2.66465
37	21	-2.46576
37	22	-2.26093
37	23	-2.05066
37	24	-1.83544
37	25	-1.6158
37	26	-1.39227
37	27	-1.16539
37	28	-0.935699
37	29	-0.703754
37	30	-0.470113
37	31	-0.23534
37	32	-2.93675e-16
37	33	0.23534
37	34	0.470113
37	35	0.703754
37	36	0.935699
37	37	1.16539
37	38	1.39227
37	39	1.6158
37	40	1.83544
37	41	2.05066
37	42	2.26093
37	43	2.46576
37	44	2.66465
37	45	2.85711
37	46	3.0427
37	47	3.22096
37	48	3.39145
37	49	3.55378
37	50	3.70754
37	51	3.85237
37	52	3.98792
37	53	4.11387
37	54	4.2299
37	55	4.33575
37	56	4.43114
37	57	4.51587
37	58	4.58971
37	59	4.6525
37	60	4.70408
37	61	4.74432
37	62	4.77314
37	63	4.79046
37	64	4.79624

38	0	-5.72999
38	1	-5.72309
38	2	-5.7024
38	3	-5.66797
38	4	-5.61989
38	5	-5.55827
38	6	-5.48326
38	7	-5.39504
38	8	-5.29382
38	9	-5.17985
38	10	-5.0534
38	11	-4.91478
38	12	-4.76431
38	13	-4.60237
38	14	-4.42934
38	15	-4.24564
38	16	-4.05171
38	17	-3.84803
38	18	-3.63507
38	19	-3.41335
38	20	-3.18341
38	21	-2.9458
38	22	-2.7011
38	23	-2.44989
38	24	-2.19277
38	25	-1.93038
38	26	-1.66333
38	27	-1.39227
38	28	-1.11787
38	29	-0.840764
38	30	-0.561637
38	31	-0.281157
38	32	-3.50849e-16
38	33	0.281157
38	34	0.561637
38	35	0.840764
38	36	1.11787
38	37	1.39227
38	38	1.66333
38	39	1.93038
38	40	2.19277
38	41	2.44989
38	42	2.7011
38	43	2.9458
38	44	3.18341
38	45	3.41335
38	46	3.63507
38	47	3.84803
38	48	4.05171
38	49	4.24564
38	50	4.42934
38	51	4.60237
38	52	4.76431
38	53	4.91478
38	54	5.0534
38	55	5.17985
38	56	5.29382
38	57	5.39504
38	58	5.48326
38	59	5.55827
38	60	5.61989
38	61	5.66797
38	62	5.7024
38	63	5.72309
38	64	5.72999

39	0	-6.64994
39	1	-6.64193
39	2	-6.61792
39	3	-6.57796
39	4	-6.52216
39	5	-6.45065
39	6	-6.3636
39	7	-6.26121
39	8	-6.14374
39	9	-6.01147
39	10	-5.86472
39	11	-5.70384
39	12	-5.52922
39	13	-5.34128
39	14	-5.14047
39	15	-4.92728
39	16	-4.70222
39	17	-4.46583
39	18	-4.21868
39	19	-3.96136
39	20	-3.69451
39	21	-3.41875
39	22	-3.13476
39	23	-2.84322
39	24	-2.54482
39	25	-2.2403
39	26	-1.93038
39	27	-1.6158
39	28	-1.29734
39	29	-0.975749
39	30	-0.651808
39	31	-0.326297
39	32	-4.07178e-16
39	33	0.326297
39	34	0.651808
39	35	0.975749
39	36	1.29734
39	37	1.6158
39	38	1.93038
39	39	2.2403
39	40	2.54482
39	41	2.84322
39	42	3.13476
39	43	3.41875
39	44	3.69451
39	45	3.96136
39	46	4.21868
39	47	4.46583
39	48	4.70222
39	49	4.92728
39	50	5.14047
39	51	5.34128
39	52	5.52922
39	53	5.70384
39	54	5.86472
39	55	6.01147
39	56	6.14374
39	57	6.26121
39	58	6.3636
39	59	6.45065
39	60	6.52216
39	61	6.57796
39	62	6.61792
39	63	6.64193
39	64	6.64994

40	0	-7.55387
40	1	-7.54477
40	2	-7.51749
40	3	-7.47211
40	4	-7.40872
40	5	-7.32749
40	6	-7.2286
40	7	-7.1123
40	8	-6.97886
40	9	-6.82862
40	10	-6.66192
40	11	-6.47917
40	12	-6.28081
40	13	-6.06732
40	14	-5.83922
40	15	-5.59705
40	16	-5.34139
40	17	-5.07287
40	18	-4.79212
40	19	-4.49983
40	20	-4.1967
40	21	-3.88346
40	22	-3.56087
40	23	-3.22969
40	24	-2.89074
40	25	-2.54482
40	26	-2.19277
40	27	-1.83544
40	28	-1.47369
40	29	-1.10838
40	30	-0.740409
40	31	-0.370651
40	32	-4.62526e-16
40	33	0.370651
40	34	0.740409
40	35	1.10838
40	36	1.47369
40	37	1.83544
40	38	2.19277
40	39	2.54482
40	40	2.89074
40	41	3.22969
40	42	3.56087
40	43	3.88346
40	44	4.1967
40	45	4.49983
40	46	4.79212
40	47	5.07287
40	48	5.34139
40	49	5.59705
40	50	5.83922
40	51	6.06732
40	52	6.28081
40	53	6.47917
40	54	6.66192
40	55	6.82862
40	56	6.97886
40	57	7.1123
40	58	7.2286
40	59	7.32749
40	60	7.40872
40	61	7.47211
40	62	7.51749
40	63	7.54477
40	64	7.55387

41	0	-8.4396
41	1	-8.42943
41	2	-8.39896
41	3	-8.34825
41	4	-8.27743
41	5	-8.18668
41	6	-8.07619
41	7	-7.94625
41	8	-7.79717
41	9	-7.62931
41	10	-7.44306
41	11	-7.23889
41	12	-7.01727
41	13	-6.77875
41	14	-6.5239
41	15	-6.25333
41	16	-5.9677
41	17	-5.66769
41	18	-5.35403
41	19	-5.02746
41	20	-4.68879
41	21	-4.33882
41	22	-3.9784
41	23	-3.60839
41	24	-3.22969
41	25	-2.84322
41	26	-2.44989
41	27	-2.05066
41	28	-1.64648
41	29	-1.23835
41	30	-0.827225
41	31	-0.414112
41	32	-5.16759e-16
41	33	0.414112
41	34	0.827225
41	35	1.23835
41	36	1.64648
41	37	2.05066
41	38	2.44989
41	39	2.84322
41	40	3.22969
41	41	3.60839
41	42	3.9784
41	43	4.33882
41	44	4.68879
41	45	5.02746
41	46	5.35403
41	47	5.66769
41	48	5.9677
41	49	6.25333
41	50	6.5239
41	51	6.77875
41	52	7.01727
41	53	7.23889
41	54	7.44306
41	55	7.62931
41	56	7.79717
41	57	7.94625
41	58	8.07619
41	59	8.18668
41	60	8.27743
41	61	8.34825
41	62	8.39896
41	63	8.42943
41	64	8.4396

42	0	-9.305
42	1	-9.29379
42	2	-9.26019
42	3	-9.20429
42	4	-9.12621
42	5	-9.02614
42	6	-8.90433
42	7	-8.76107
42	8	-8.5967
42	9	-8.41162
42	10	-8.20628
42	11	-7.98116
42	12	-7.73682
42	13	-7.47384
42	14	-7.19286
42	15	-6.89455
42	16	-6.57963
42	17	-6.24886
42	18	-5.90303
42	19	-5.54298
42	20	-5.16958
42	21	-4.78373
42	22	-4.38635
42	23	-3.9784
42	24	-3.56087
42	25	-3.13476
42	26	-2.7011
42	27	-2.26093
42	28	-1.81532
42	29	-1.36533
42	30	-0.912049
42	31	-0.456575
42	32	-5.69748e-16
42	33	0.456575
42	34	0.912049
42	35	1.36533
42	36	1.81532
42	37	2.26093
42	38	2.7011
42	39	3.13476
42	40	3.56087
42	41	3.9784
42	42	4.38635
42	43	4.78373
42	44	5.16958
42	45	5.54298
42	46	5.90303
42	47	6.24886
42	48	6.57963
42	49	6.89455
42	50	7.19286
42	51	7.47384
42	52	7.73682
42	53	7.98116
42	54	8.20628
42	55	8.41162
42	56	8.5967
42	57	8.76107
42	58	8.90433
42	59	9.02614
42	60	9.12621
42	61	9.20429
42	62	9.26019
42	63	9.29379
42	64	9.305

43	0	-10.148
43	1	-10.1358
43	2	-10.0991
43	3	-10.0381
