#X	Y	Z
0	0	1
0	1	0.999507
0	2	0.998027
0	3	0.995562
0	4	0.992115
0	5	0.987688
0	6	0.982287
0	7	0.975917
0	8	0.968583
0	9	0.960294
0	10	0.951057
0	11	0.940881
0	12	0.929776
0	13	0.917755
0	14	0.904827
0	15	0.891007
0	16	0.876307
0	17	0.860742
0	18	0.844328
0	19	0.827081
0	20	0.809017
0	21	0.790155
0	22	0.770513
0	23	0.750111
0	24	0.728969
0	25	0.707107
0	26	0.684547
0	27	0.661312
0	28	0.637424
0	29	0.612907
0	30	0.587785
0	31	0.562083
0	32	0.535827
0	33	0.509041
0	34	0.481754
0	35	0.45399
0	36	0.425779
0	37	0.397148
0	38	0.368125
0	39	0.338738
0	40	0.309017
0	41	0.278991
0	42	0.24869
0	43	0.218143
0	44	0.187381
0	45	0.156434
0	46	0.125333
0	47	0.0941083
0	48	0.0627905
0	49	0.0314108
0	50	6.12303e-17
0	51	-0.0314108
0	52	-0.0627905
0	53	-0.0941083
0	54	-0.125333
0	55	-0.156434
0	56	-0.187381
0	57	-0.218143
0	58	-0.24869
0	59	-0.278991
0	60	-0.309017
0	61	-0.338738
0	62	-0.368125
0	63	-0.397148
0	64	-0.425779
0	65	-0.45399
0	66	-0.481754
0	67	-0.509041
0	68	-0.535827
0	69	-0.562083
0	70	-0.587785
0	71	-0.612907
0	72	-0.637424
0	73	-0.661312
0	74	-0.684547
0	75	-0.707107
0	76	-0.728969
0	77	-0.750111
0	78	-0.770513
0	79	-0.790155
0	80	-0.809017
0	81	-0.827081
0	82	-0.844328
0	83	-0.860742
0	84	-0.876307
0	85	-0.891007
0	86	-0.904827
0	87	-0.917755
0	88	-0.929776
0	89	-0.940881
0	90	-0.951057
0	91	-0.960294
0	92	-0.968583
0	93	-0.975917
0	94	-0.982287
0	95	-0.987688
0	96	-0.992115
0	97	-0.995562
0	98	-0.998027
0	99	-0.999507
0	100	-1

1	0	0.999507
1	1	0.999014
1	2	0.997535
1	3	0.995071
1	4	0.991626
1	5	0.987202
1	6	0.981804
1	7	0.975436
1	8	0.968107
1	9	0.959821
1	10	0.950589
1	11	0.940418
1	12	0.929319
1	13	0.917303
1	14	0.904382
1	15	0.890569
1	16	0.875876
1	17	0.860319
1	18	0.843913
1	19	0.826674
1	20	0.808619
1	21	0.789767
1	22	0.770135
1	23	0.749743
1	24	0.728611
1	25	0.706759
1	26	0.684211
1	27	0.660987
1	28	0.637111
1	29	0.612606
1	30	0.587497
1	31	0.561807
1	32	0.535564
1	33	0.508791
1	34	0.481517
1	35	0.453768
1	36	0.42557
1	37	0.396953
1	38	0.367944
1	39	0.338572
1	40	0.308865
1	41	0.278854
1	42	0.248568
1	43	0.218036
1	44	0.187289
1	45	0.156358
1	46	0.125272
1	47	0.0940621
1	48	0.0627597
1	49	0.0313953
1	50	-5.04412e-10
1	51	-0.0313953
1	52	-0.0627597
1	53	-0.0940621
1	54	-0.125272
1	55	-0.156358
1	56	-0.187289
1	57	-0.218036
1	58	-0.248568
1	59	-0.278854
1	60	-0.308865
1	61	-0.338572
1	62	-0.367944
1	63	-0.396953
1	64	-0.42557
1	65	-0.453768
1	66	-0.481517
1	67	-0.508791
1	68	-0.535564
1	69	-0.561807
1	70	-0.587497
1	71	-0.612606
1	72	-0.637111
1	73	-0.660987
1	74	-0.684211
1	75	-0.706759
1	76	-0.728611
1	77	-0.749743
1	78	-0.770135
1	79	-0.789767
1	80	-0.808619
1	81	-0.826674
1	82	-0.843913
1	83	-0.860319
1	84	-0.875876
1	85	-0.890569
1	86	-0.904382
1	87	-0.917303
1	88	-0.929319
1	89	-0.940418
1	90	-0.950589
1	91	-0.959821
1	92	-0.968107
1	93	-0.975436
1	94	-0.981804
1	95	-0.987202
1	96	-0.991626
1	97	-0.995071
1	98	-0.997535
1	99	-0.999014
1	100	-0.999507

2	0	0.998027
2	1	0.997535
2	2	0.996058
2	3	0.993599
2	4	0.990159
2	5	0.985741
2	6	0.980351
2	7	0.973993
2	8	0.966674
2	9	0.958402
2	10	0.949183
2	11	0.939027
2	12	0.927945
2	13	0.915947
2	14	0.903045
2	15	0.889252
2	16	0.874581
2	17	0.859047
2	18	0.842665
2	19	0.825452
2	20	0.807424
2	21	0.788599
2	22	0.768996
2	23	0.748634
2	24	0.727533
2	25	0.705714
2	26	0.683199
2	27	0.66001
2	28	0.636169
2	29	0.6117
2	30	0.586628
2	31	0.560977
2	32	0.534772
2	33	0.508039
2	34	0.480805
2	35	0.453097
2	36	0.424941
2	37	0.396366
2	38	0.3674
2	39	0.338071
2	40	0.308409
2	41	0.278442
2	42	0.2482
2	43	0.217714
2	44	0.187012
2	45	0.156127
2	46	0.125087
2	47	0.0939231
2	48	0.0626669
2	49	0.0313489
2	50	-1.00783e-09
2	51	-0.0313489
2	52	-0.0626669
2	53	-0.0939231
2	54	-0.125087
2	55	-0.156127
2	56	-0.187012
2	57	-0.217714
2	58	-0.2482
2	59	-0.278442
2	60	-0.308409
2	61	-0.338071
2	62	-0.3674
2	63	-0.396366
2	64	-0.424941
2	65	-0.453097
2	66	-0.480805
2	67	-0.508039
2	68	-0.534772
2	69	-0.560977
2	70	-0.586628
2	71	-0.6117
2	72	-0.636169
2	73	-0.66001
2	74	-0.683199
2	75	-0.705714
2	76	-0.727533
2	77	-0.748634
2	78	-0.768996
2	79	-0.788599
2	80	-0.807424
2	81	-0.825452
2	82	-0.842665
2	83	-0.859047
2	84	-0.874581
2	85	-0.889252
2	86	-0.903045
2	87	-0.915947
2	88	-0.927945
2	89	-0.939027
2	90	-0.949183
2	91	-0.958402
2	92	-0.966674
2	93	-0.973993
2	94	-0.980351
2	95	-0.985741
2	96	-0.990159
2	97	-0.993599
2	98	-0.996058
2	99	-0.997535
2	100	-0.998027

3	0	0.995562
3	1	0.995071
3	2	0.993599
3	3	0.991146
3	4	0.987714
3	5	0.983308
3	6	0.977931
3	7	0.971589
3	8	0.964288
3	9	0.956036
3	10	0.94684
3	11	0.936709
3	12	0.925655
3	13	0.913686
3	14	0.900816
3	15	0.887057
3	16	0.872422
3	17	0.856927
3	18	0.840585
3	19	0.823415
3	20	0.805431
3	21	0.786653
3	22	0.767098
3	23	0.746787
3	24	0.725738
3	25	0.703973
3	26	0.681513
3	27	0.658381
3	28	0.634599
3	29	0.610191
3	30	0.58518
3	31	0.559592
3	32	0.533452
3	33	0.506786
3	34	0.479619
3	35	0.451979
3	36	0.423892
3	37	0.395388
3	38	0.366493
3	39	0.337237
3	40	0.307648
3	41	0.277755
3	42	0.247588
3	43	0.217177
3	44	0.186551
3	45	0.155741
3	46	0.124778
3	47	0.0936913
3	48	0.0625123
3	49	0.0312716
3	50	-1.50975e-09
3	51	-0.0312716
3	52	-0.0625123
3	53	-0.0936913
3	54	-0.124778
3	55	-0.155741
3	56	-0.186551
3	57	-0.217177
3	58	-0.247588
3	59	-0.277755
3	60	-0.307648
3	61	-0.337237
3	62	-0.366493
3	63	-0.395388
3	64	-0.423892
3	65	-0.451979
3	66	-0.479619
3	67	-0.506786
3	68	-0.533452
3	69	-0.559592
3	70	-0.58518
3	71	-0.610191
3	72	-0.634599
3	73	-0.658381
3	74	-0.681513
3	75	-0.703973
3	76	-0.725738
3	77	-0.746787
3	78	-0.767098
3	79	-0.786653
3	80	-0.805431
3	81	-0.823415
3	82	-0.840585
3	83	-0.856927
3	84	-0.872422
3	85	-0.887057
3	86	-0.900816
3	87	-0.913686
3	88	-0.925655
3	89	-0.936709
3	90	-0.94684
3	91	-0.956036
3	92	-0.964288
3	93	-0.971589
3	94	-0.977931
3	95	-0.983308
3	96	-0.987714
3	97	-0.991146
3	98	-0.993599
3	99	-0.995071
3	100	-0.995562

4	0	0.992115
4	1	0.991626
4	2	0.990159
4	3	0.987714
4	4	0.984295
4	5	0.979904
4	6	0.974546
4	7	0.968226
4	8	0.96095
4	9	0.952726
4	10	0.943562
4	11	0.933467
4	12	0.922451
4	13	0.910524
4	14	0.897698
4	15	0.883987
4	16	0.869403
4	17	0.853961
4	18	0.837676
4	19	0.820565
4	20	0.802644
4	21	0.78393
4	22	0.764443
4	23	0.744202
4	24	0.723226
4	25	0.701537
4	26	0.679155
4	27	0.656103
4	28	0.632403
4	29	0.608079
4	30	0.583155
4	31	0.557656
4	32	0.531606
4	33	0.505032
4	34	0.477959
4	35	0.450415
4	36	0.422426
4	37	0.39402
4	38	0.365225
4	39	0.33607
4	40	0.306583
4	41	0.276794
4	42	0.246731
4	43	0.216425
4	44	0.185905
4	45	0.155202
4	46	0.124346
4	47	0.0933671
4	48	0.0622959
4	49	0.0311633
4	50	-2.0097e-09
4	51	-0.0311634
4	52	-0.062296
4	53	-0.0933671
4	54	-0.124346
4	55	-0.155202
4	56	-0.185905
4	57	-0.216425
4	58	-0.246731
4	59	-0.276794
4	60	-0.306583
4	61	-0.33607
4	62	-0.365225
4	63	-0.39402
4	64	-0.422426
4	65	-0.450415
4	66	-0.477959
4	67	-0.505032
4	68	-0.531606
4	69	-0.557656
4	70	-0.583155
4	71	-0.608079
4	72	-0.632403
4	73	-0.656103
4	74	-0.679155
4	75	-0.701537
4	76	-0.723226
4	77	-0.744202
4	78	-0.764443
4	79	-0.78393
4	80	-0.802644
4	81	-0.820565
4	82	-0.837676
4	83	-0.853961
4	84	-0.869403
4	85	-0.883987
4	86	-0.897698
4	87	-0.910524
4	88	-0.922451
4	89	-0.933467
4	90	-0.943562
4	91	-0.952726
4	92	-0.96095
4	93	-0.968226
4	94	-0.974546
4	95	-0.979904
4	96	-0.984295
4	97	-0.987714
4	98	-0.990159
4	99	-0.991626
4	100	-0.992115

5	0	0.987688
5	1	0.987202
5	2	0.985741
5	3	0.983308
5	4	0.979904
5	5	0.975532
5	6	0.970198
5	7	0.963907
5	8	0.956664
5	9	0.948477
5	10	0.939354
5	11	0.929303
5	12	0.918336
5	13	0.906462
5	14	0.893694
5	15	0.880044
5	16	0.865525
5	17	0.850152
5	18	0.83394
5	19	0.816905
5	20	0.799064
5	21	0.780434
5	22	0.761034
5	23	0.740883
5	24	0.720001
5	25	0.698408
5	26	0.676126
5	27	0.653176
5	28	0.629583
5	29	0.605367
5	30	0.580555
5	31	0.555169
5	32	0.529235
5	33	0.502779
5	34	0.475827
5	35	0.448406
5	36	0.420542
5	37	0.392262
5	38	0.363596
5	39	0.334571
5	40	0.305216
5	41	0.275559
5	42	0.245631
5	43	0.21546
5	44	0.185076
5	45	0.15451
5	46	0.123791
5	47	0.0929507
5	48	0.0620181
5	49	0.0310244
5	50	-2.50716e-09
5	51	-0.0310244
5	52	-0.0620181
5	53	-0.0929507
5	54	-0.123792
5	55	-0.15451
5	56	-0.185076
5	57	-0.21546
5	58	-0.245631
5	59	-0.275559
5	60	-0.305216
5	61	-0.334571
5	62	-0.363596
5	63	-0.392262
5	64	-0.420542
5	65	-0.448406
5	66	-0.475827
5	67	-0.502779
5	68	-0.529235
5	69	-0.555169
5	70	-0.580555
5	71	-0.605367
5	72	-0.629583
5	73	-0.653176
5	74	-0.676126
5	75	-0.698408
5	76	-0.720001
5	77	-0.740883
5	78	-0.761034
5	79	-0.780434
5	80	-0.799064
5	81	-0.816905
5	82	-0.83394
5	83	-0.850152
5	84	-0.865525
5	85	-0.880044
5	86	-0.893694
5	87	-0.906462
5	88	-0.918336
5	89	-0.929303
5	90	-0.939354
5	91	-0.948477
5	92	-0.956664
5	93	-0.963907
5	94	-0.970198
5	95	-0.975532
5	96	-0.979904
5	97	-0.983308
5	98	-0.985741
5	99	-0.987202
5	100	-0.987688

6	0	0.982287
6	1	0.981804
6	2	0.980351
6	3	0.977931
6	4	0.974546
6	5	0.970198
6	6	0.964894
6	7	0.958636
6	8	0.951433
6	9	0.943291
6	10	0.934218
6	11	0.924223
6	12	0.913315
6	13	0.901507
6	14	0.888808
6	15	0.875233
6	16	0.860793
6	17	0.845504
6	18	0.829381
6	19	0.812439
6	20	0.794695
6	21	0.776167
6	22	0.756874
6	23	0.736833
6	24	0.716065
6	25	0.69459
6	26	0.67243
6	27	0.649606
6	28	0.626141
6	29	0.602058
6	30	0.577381
6	31	0.552134
6	32	0.526342
6	33	0.500031
6	34	0.473226
6	35	0.445954
6	36	0.418243
6	37	0.390118
6	38	0.361608
6	39	0.332742
6	40	0.303547
6	41	0.274053
6	42	0.244288
6	43	0.214282
6	44	0.184065
6	45	0.153665
6	46	0.123115
6	47	0.0924425
6	48	0.0616791
6	49	0.0308548
6	50	-3.00166e-09
6	51	-0.0308548
6	52	-0.0616791
6	53	-0.0924426
6	54	-0.123115
6	55	-0.153665
6	56	-0.184065
6	57	-0.214282
6	58	-0.244288
6	59	-0.274053
6	60	-0.303547
6	61	-0.332742
6	62	-0.361608
6	63	-0.390118
6	64	-0.418243
6	65	-0.445954
6	66	-0.473226
6	67	-0.500031
6	68	-0.526342
6	69	-0.552134
6	70	-0.577381
6	71	-0.602058
6	72	-0.626141
6	73	-0.649606
6	74	-0.67243
6	75	-0.69459
6	76	-0.716065
6	77	-0.736833
6	78	-0.756874
6	79	-0.776167
6	80	-0.794695
6	81	-0.812439
6	82	-0.829381
6	83	-0.845504
6	84	-0.860793
6	85	-0.875233
6	86	-0.888808
6	87	-0.901507
6	88	-0.913315
6	89	-0.924223
6	90	-0.934218
6	91	-0.943291
6	92	-0.951433
6	93	-0.958636
6	94	-0.964894
6	95	-0.970198
6	96	-0.974546
6	97	-0.977931
6	98	-0.980351
6	99	-0.981804
6	100	-0.982287

7	0	0.975917
7	1	0.975436
7	2	0.973993
7	3	0.971589
7	4	0.968226
7	5	0.963907
7	6	0.958636
7	7	0.95242
7	8	0.945264
7	9	0.937174
7	10	0.92816
7	11	0.91823
7	12	0.907393
7	13	0.895661
7	14	0.883045
7	15	0.869557
7	16	0.855212
7	17	0.840022
7	18	0.824003
7	19	0.807171
7	20	0.789543
7	21	0.771135
7	22	0.751966
7	23	0.732055
7	24	0.711422
7	25	0.690086
7	26	0.66807
7	27	0.645394
7	28	0.622081
7	29	0.598154
7	30	0.573637
7	31	0.548554
7	32	0.522929
7	33	0.496789
7	34	0.470158
7	35	0.443063
7	36	0.415531
7	37	0.387589
7	38	0.359264
7	39	0.330585
7	40	0.301579
7	41	0.272276
7	42	0.242704
7	43	0.212893
7	44	0.182871
7	45	0.152669
7	46	0.122317
7	47	0.0918432
7	48	0.0612792
7	49	0.0306547
7	50	-3.49272e-09
7	51	-0.0306547
7	52	-0.0612792
7	53	-0.0918432
7	54	-0.122317
7	55	-0.152669
7	56	-0.182871
7	57	-0.212893
7	58	-0.242704
7	59	-0.272276
7	60	-0.301579
7	61	-0.330585
7	62	-0.359264
7	63	-0.387589
7	64	-0.415531
7	65	-0.443063
7	66	-0.470158
7	67	-0.496789
7	68	-0.522929
7	69	-0.548554
7	70	-0.573637
7	71	-0.598154
7	72	-0.622081
7	73	-0.645394
7	74	-0.66807
7	75	-0.690086
7	76	-0.711422
7	77	-0.732055
7	78	-0.751966
7	79	-0.771135
7	80	-0.789543
7	81	-0.807171
7	82	-0.824003
7	83	-0.840022
7	84	-0.855212
7	85	-0.869557
7	86	-0.883045
7	87	-0.895661
7	88	-0.907393
7	89	-0.91823
7	90	-0.92816
7	91	-0.937174
7	92	-0.945264
7	93	-0.95242
7	94	-0.958636
7	95	-0.963907
7	96	-0.968226
7	97	-0.971589
7	98	-0.973993
7	99	-0.975436
7	100	-0.975917

8	0	0.968583
8	1	0.968107
8	2	0.966674
8	3	0.964288
8	4	0.96095
8	5	0.956664
8	6	0.951433
8	7	0.945264
8	8	0.938161
8	9	0.930132
8	10	0.921186
8	11	0.91133
8	12	0.900575
8	13	0.888931
8	14	0.87641
8	15	0.863024
8	16	0.848786
8	17	0.83371
8	18	0.817812
8	19	0.801107
8	20	0.78361
8	21	0.765341
8	22	0.746316
8	23	0.726555
8	24	0.706077
8	25	0.684901
8	26	0.66305
8	27	0.640545
8	28	0.617407
8	29	0.59366
8	30	0.569327
8	31	0.544433
8	32	0.519001
8	33	0.493056
8	34	0.466626
8	35	0.439734
8	36	0.412409
8	37	0.384677
8	38	0.356565
8	39	0.328101
8	40	0.299313
8	41	0.27023
8	42	0.240881
8	43	0.211293
8	44	0.181497
8	45	0.151522
8	46	0.121398
8	47	0.0911532
8	48	0.0608188
8	49	0.0304244
8	50	-3.97984e-09
8	51	-0.0304244
8	52	-0.0608188
8	53	-0.0911532
8	54	-0.121398
8	55	-0.151522
8	56	-0.181497
8	57	-0.211293
8	58	-0.240881
8	59	-0.27023
8	60	-0.299313
8	61	-0.328101
8	62	-0.356565
8	63	-0.384677
8	64	-0.412409
8	65	-0.439734
8	66	-0.466626
8	67	-0.493056
8	68	-0.519001
8	69	-0.544433
8	70	-0.569327
8	71	-0.59366
8	72	-0.617407
8	73	-0.640545
8	74	-0.66305
8	75	-0.684901
8	76	-0.706077
8	77	-0.726555
8	78	-0.746316
8	79	-0.765341
8	80	-0.78361
8	81	-0.801107
8	82	-0.817812
8	83	-0.83371
8	84	-0.848786
8	85	-0.863024
8	86	-0.87641
8	87	-0.888931
8	88	-0.900575
8	89	-0.91133
8	90	-0.921186
8	91	-0.930132
8	92	-0.938161
8	93	-0.945264
8	94	-0.951433
8	95	-0.956664
8	96	-0.96095
8	97	-0.964288
8	98	-0.966674
8	99	-0.968107
8	100	-0.968583

9	0	0.960294
9	1	0.959821
9	2	0.958402
9	3	0.956036
9	4	0.952726
9	5	0.948477
9	6	0.943291
9	7	0.937174
9	8	0.930132
9	9	0.922173
9	10	0.913303
9	11	0.903532
9	12	0.892868
9	13	0.881324
9	14	0.86891
9	15	0.855639
9	16	0.841523
9	17	0.826576
9	18	0.810814
9	19	0.794251
9	20	0.776905
9	21	0.758792
9	22	0.73993
9	23	0.720338
9	24	0.700035
9	25	0.679041
9	26	0.657376
9	27	0.635064
9	28	0.612124
9	29	0.58858
9	30	0.564456
9	31	0.539774
9	32	0.514559
9	33	0.488837
9	34	0.462633
9	35	0.435971
9	36	0.40888
9	37	0.381385
9	38	0.353514
9	39	0.325293
9	40	0.296752
9	41	0.267918
9	42	0.238819
9	43	0.209485
9	44	0.179944
9	45	0.150226
9	46	0.120359
9	47	0.0903732
9	48	0.0602984
9	49	0.0301641
9	50	-4.46256e-09
9	51	-0.0301641
9	52	-0.0602984
9	53	-0.0903732
9	54	-0.120359
9	55	-0.150226
9	56	-0.179944
9	57	-0.209485
9	58	-0.238819
9	59	-0.267918
9	60	-0.296752
9	61	-0.325293
9	62	-0.353514
9	63	-0.381385
9	64	-0.40888
9	65	-0.435971
9	66	-0.462633
9	67	-0.488837
9	68	-0.514559
9	69	-0.539774
9	70	-0.564456
9	71	-0.58858
9	72	-0.612124
9	73	-0.635064
9	74	-0.657376
9	75	-0.679041
9	76	-0.700035
9	77	-0.720338
9	78	-0.73993
9	79	-0.758792
9	80	-0.776905
9	81	-0.794251
9	82	-0.810814
9	83	-0.826576
9	84	-0.841523
9	85	-0.855639
9	86	-0.86891
9	87	-0.881324
9	88	-0.892868
9	89	-0.903532
9	90	-0.913303
9	91	-0.922173
9	92	-0.930132
9	93	-0.937174
9	94	-0.943291
9	95	-0.948477
9	96	-0.952726
9	97	-0.956036
9	98	-0.958402
9	99	-0.959821
9	100	-0.960294

10	0	0.951057
10	1	0.950589
10	2	0.949183
10	3	0.94684
10	4	0.943562
10	5	0.939354
10	6	0.934218
10	7	0.92816
10	8	0.921186
10	9	0.913303
10	10	0.904518
10	11	0.894841
10	12	0.884281
10	13	0.872847
10	14	0.860553
10	15	0.847409
10	16	0.833429
10	17	0.818626
10	18	0.803015
10	19	0.786612
10	20	0.769433
10	21	0.751494
10	22	0.732813
10	23	0.713409
10	24	0.693302
10	25	0.67251
10	26	0.651054
10	27	0.628956
10	28	0.606237
10	29	0.582919
10	30	0.559027
10	31	0.534582
10	32	0.509611
10	33	0.484136
10	34	0.458183
10	35	0.431778
10	36	0.404947
10	37	0.377717
10	38	0.350114
10	39	0.322165
10	40	0.293898
10	41	0.265341
10	42	0.236522
10	43	0.20747
10	44	0.178214
10	45	0.148781
10	46	0.119201
10	47	0.089504
10	48	0.0597184
10	49	0.029874
10	50	-4.9404e-09
10	51	-0.029874
10	52	-0.0597184
10	53	-0.089504
10	54	-0.119201
10	55	-0.148781
10	56	-0.178214
10	57	-0.20747
10	58	-0.236522
10	59	-0.265341
10	60	-0.293898
10	61	-0.322165
10	62	-0.350114
10	63	-0.377717
10	64	-0.404947
10	65	-0.431778
10	66	-0.458183
10	67	-0.484136
10	68	-0.509611
10	69	-0.534582
10	70	-0.559027
10	71	-0.582919
10	72	-0.606237
10	73	-0.628956
10	74	-0.651054
10	75	-0.67251
10	76	-0.693302
10	77	-0.713409
10	78	-0.732813
10	79	-0.751494
10	80	-0.769433
10	81	-0.786612
10	82	-0.803015
10	83	-0.818626
10	84	-0.833429
10	85	-0.847409
10	86	-0.860553
10	87	-0.872847
10	88	-0.884281
10	89	-0.894841
10	90	-0.904518
10	91	-0.913303
10	92	-0.921186
10	93	-0.92816
10	94	-0.934218
10	95	-0.939354
10	96	-0.943562
10	97	-0.94684
10	98	-0.949183
10	99	-0.950589
10	100	-0.951057

11	0	0.940881
11	1	0.940418
11	2	0.939027
11	3	0.936709
11	4	0.933467
11	5	0.929303
11	6	0.924223
11	7	0.91823
11	8	0.91133
11	9	0.903532
11	10	0.894841
11	11	0.885267
11	12	0.87482
11	13	0.863509
11	14	0.851346
11	15	0.838343
11	16	0.824512
11	17	0.809868
11	18	0.794424
11	19	0.778197
11	20	0.761201
11	21	0.743454
11	22	0.724973
11	23	0.705777
11	24	0.685884
11	25	0.665315
11	26	0.644089
11	27	0.622227
11	28	0.599751
11	29	0.576683
11	30	0.553046
11	31	0.528863
11	32	0.504159
11	33	0.478956
11	34	0.453281
11	35	0.427159
11	36	0.400615
11	37	0.373676
11	38	0.346368
11	39	0.318718
11	40	0.290754
11	41	0.262503
11	42	0.233992
11	43	0.205251
11	44	0.176307
11	45	0.147189
11	46	0.117926
11	47	0.0885464
11	48	0.0590796
11	49	0.0295544
11	50	-5.41289e-09
11	51	-0.0295544
11	52	-0.0590796
11	53	-0.0885465
11	54	-0.117926
11	55	-0.147189
11	56	-0.176307
11	57	-0.205251
11	58	-0.233992
11	59	-0.262503
11	60	-0.290754
11	61	-0.318718
11	62	-0.346368
11	63	-0.373676
11	64	-0.400615
11	65	-0.427159
11	66	-0.453281
11	67	-0.478956
11	68	-0.504159
11	69	-0.528863
11	70	-0.553046
11	71	-0.576683
11	72	-0.599751
11	73	-0.622227
11	74	-0.644089
11	75	-0.665315
11	76	-0.685884
11	77	-0.705777
11	78	-0.724973
11	79	-0.743454
11	80	-0.761201
11	81	-0.778197
11	82	-0.794424
11	83	-0.809868
11	84	-0.824512
11	85	-0.838343
11	86	-0.851346
11	87	-0.863509
11	88	-0.87482
11	89	-0.885267
11	90	-0.894841
11	91	-0.903532
11	92	-0.91133
11	93	-0.91823
11	94	-0.924223
11	95	-0.929303
11	96	-0.933467
11	97	-0.936709
11	98	-0.939027
11	99	-0.940418
11	100	-0.940881

12	0	0.929776
12	1	0.929319
12	2	0.927945
12	3	0.925655
12	4	0.922451
12	5	0.918336
12	6	0.913315
12	7	0.907393
12	8	0.900575
12	9	0.892868
12	10	0.884281
12	11	0.87482
12	12	0.864496
12	13	0.853319
12	14	0.841299
12	15	0.828449
12	16	0.814782
12	17	0.800311
12	18	0.785049
12	19	0.769013
12	20	0.752218
12	21	0.73468
12	22	0.716418
12	23	0.697448
12	24	0.67779
12	25	0.657464
12	26	0.636488
12	27	0.614884
12	28	0.592673
12	29	0.569878
12	30	0.54652
12	31	0.522622
12	32	0.498209
12	33	0.473304
12	34	0.447932
12	35	0.422118
12	36	0.395888
12	37	0.369266
12	38	0.342281
12	39	0.314957
12	40	0.287323
12	41	0.259405
12	42	0.231231
12	43	0.202829
12	44	0.174226
12	45	0.145452
12	46	0.116534
12	47	0.0875015
12	48	0.0583824
12	49	0.0292056
12	50	-5.87958e-09
12	51	-0.0292056
12	52	-0.0583824
12	53	-0.0875015
12	54	-0.116534
12	55	-0.145452
12	56	-0.174226
12	57	-0.202829
12	58	-0.231231
12	59	-0.259405
12	60	-0.287323
12	61	-0.314957
12	62	-0.342281
12	63	-0.369266
12	64	-0.395888
12	65	-0.422118
12	66	-0.447932
12	67	-0.473304
12	68	-0.498209
12	69	-0.522622
12	70	-0.54652
12	71	-0.569878
12	72	-0.592673
12	73	-0.614884
12	74	-0.636488
12	75	-0.657464
12	76	-0.67779
12	77	-0.697448
12	78	-0.716418
12	79	-0.73468
12	80	-0.752218
12	81	-0.769013
12	82	-0.785049
12	83	-0.800311
12	84	-0.814782
12	85	-0.828449
12	86	-0.841299
12	87	-0.853319
12	88	-0.864496
12	89	-0.87482
12	90	-0.884281
12	91	-0.892868
12	92	-0.900575
12	93	-0.907393
12	94	-0.913315
12	95	-0.918336
12	96	-0.922451
12	97	-0.925655
12	98	-0.927945
12	99	-0.929319
12	100	-0.929776

13	0	0.917755
13	1	0.917303
13	2	0.915947
13	3	0.913686
13	4	0.910524
13	5	0.906462
13	6	0.901507
13	7	0.895661
13	8	0.888931
13	9	0.881324
13	10	0.872847
13	11	0.863509
13	12	0.853319
13	13	0.842286
13	14	0.830422
13	15	0.817738
13	16	0.804248
13	17	0.789963
13	18	0.774899
13	19	0.75907
13	20	0.742492
13	21	0.725182
13	22	0.707155
13	23	0.688431
13	24	0.669027
13	25	0.648963
13	26	0.628259
13	27	0.606934
13	28	0.585011
13	29	0.56251
13	30	0.539454
13	31	0.515865
13	32	0.491768
13	33	0.467185
13	34	0.442141
13	35	0.416661
13	36	0.390769
13	37	0.364492
13	38	0.337855
13	39	0.310885
13	40	0.283608
13	41	0.256051
13	42	0.228241
13	43	0.200206
13	44	0.171974
13	45	0.143572
13	46	0.115028
13	47	0.0863702
13	48	0.0576276
13	49	0.028828
13	50	-6.34001e-09
13	51	-0.028828
13	52	-0.0576276
13	53	-0.0863703
13	54	-0.115028
13	55	-0.143572
13	56	-0.171974
13	57	-0.200206
13	58	-0.228241
13	59	-0.256051
13	60	-0.283608
13	61	-0.310885
13	62	-0.337855
13	63	-0.364492
13	64	-0.390769
13	65	-0.416661
13	66	-0.442141
13	67	-0.467185
13	68	-0.491768
13	69	-0.515865
13	70	-0.539454
13	71	-0.56251
13	72	-0.585011
13	73	-0.606934
13	74	-0.628259
13	75	-0.648963
13	76	-0.669027
13	77	-0.688431
13	78	-0.707155
13	79	-0.725182
13	80	-0.742493
13	81	-0.75907
13	82	-0.774899
13	83	-0.789963
13	84	-0.804248
13	85	-0.817738
13	86	-0.830422
13	87	-0.842286
13	88	-0.853319
13	89	-0.863509
13	90	-0.872847
13	91	-0.881324
13	92	-0.888931
13	93	-0.895661
13	94	-0.901507
13	95	-0.906462
13	96	-0.910524
13	97	-0.913686
13	98	-0.915947
13	99	-0.917303
13	100	-0.917755

14	0	0.904827
14	1	0.904382
14	2	0.903045
14	3	0.900816
14	4	0.897698
14	5	0.893694
14	6	0.888808
14	7	0.883045
14	8	0.87641
14	9	0.86891
14	10	0.860553
14	11	0.851346
14	12	0.841299
14	13	0.830422
14	14	0.818725
14	15	0.80622
14	16	0.792919
14	17	0.778836
14	18	0.763985
14	19	0.748379
14	20	0.732034
14	21	0.714967
14	22	0.697195
14	23	0.678734
14	24	0.659604
14	25	0.639822
14	26	0.61941
14	27	0.598385
14	28	0.576771
14	29	0.554587
14	30	0.531855
14	31	0.508599
14	32	0.484841
14	33	0.460605
14	34	0.435913
14	35	0.410792
14	36	0.385265
14	37	0.359358
14	38	0.333097
14	39	0.306506
14	40	0.279613
14	41	0.252444
14	42	0.225027
14	43	0.197386
14	44	0.169552
14	45	0.141549
14	46	0.113408
14	47	0.0851537
14	48	0.0568159
14	49	0.028422
14	50	-6.79373e-09
14	51	-0.028422
14	52	-0.0568159
14	53	-0.0851537
14	54	-0.113408
14	55	-0.141549
14	56	-0.169552
14	57	-0.197386
14	58	-0.225027
14	59	-0.252445
14	60	-0.279613
14	61	-0.306506
14	62	-0.333097
14	63	-0.359358
14	64	-0.385265
14	65	-0.410792
14	66	-0.435913
14	67	-0.460605
14	68	-0.484841
14	69	-0.508599
14	70	-0.531856
14	71	-0.554587
14	72	-0.576771
14	73	-0.598385
14	74	-0.61941
14	75	-0.639822
14	76	-0.659604
14	77	-0.678734
14	78	-0.697195
14	79	-0.714967
14	80	-0.732034
14	81	-0.748379
14	82	-0.763985
14	83	-0.778836
14	84	-0.79292
14	85	-0.80622
14	86	-0.818725
14	87	-0.830422
14	88	-0.841299
14	89	-0.851346
14	90	-0.860553
14	91	-0.86891
14	92	-0.87641
14	93	-0.883045
14	94	-0.888808
14	95	-0.893694
14	96	-0.897698
14	97	-0.900816
14	98	-0.903045
14	99	-0.904382
14	100	-0.904827

15	0	0.891007
15	1	0.890569
15	2	0.889252
15	3	0.887057
15	4	0.883987
15	5	0.880044
15	6	0.875233
15	7	0.869557
15	8	0.863024
15	9	0.855639
15	10	0.847409
15	11	0.838343
15	12	0.828449
15	13	0.817738
15	14	0.80622
15	15	0.793906
15	16	0.780809
15	17	0.766941
15	18	0.752316
15	19	0.736948
15	20	0.720854
15	21	0.704047
15	22	0.686546
15	23	0.668368
15	24	0.649529
15	25	0.63005
15	26	0.609949
15	27	0.589246
15	28	0.567961
15	29	0.546116
15	30	0.523732
15	31	0.500831
15	32	0.477436
15	33	0.45357
15	34	0.429256
15	35	0.404518
15	36	0.379381
15	37	0.35387
15	38	0.328009
15	39	0.301825
15	40	0.275343
15	41	0.248589
15	42	0.22159
15	43	0.194372
15	44	0.166962
15	45	0.139387
15	46	0.111675
15	47	0.0838531
15	48	0.0559481
15	49	0.0279879
15	50	-7.2403e-09
15	51	-0.0279879
15	52	-0.0559481
15	53	-0.0838532
15	54	-0.111675
15	55	-0.139388
15	56	-0.166962
15	57	-0.194372
15	58	-0.22159
15	59	-0.248589
15	60	-0.275343
15	61	-0.301825
15	62	-0.328009
15	63	-0.35387
15	64	-0.379381
15	65	-0.404518
15	66	-0.429256
15	67	-0.45357
15	68	-0.477436
15	69	-0.500831
15	70	-0.523732
15	71	-0.546116
15	72	-0.567961
15	73	-0.589246
15	74	-0.609949
15	75	-0.63005
15	76	-0.649529
15	77	-0.668368
15	78	-0.686546
15	79	-0.704047
15	80	-0.720854
15	81	-0.736948
15	82	-0.752316
15	83	-0.766941
15	84	-0.780809
15	85	-0.793906
15	86	-0.80622
15	87	-0.817738
15	88	-0.828449
15	89	-0.838343
15	90	-0.847409
15	91	-0.855639
15	92	-0.863024
15	93	-0.869557
15	94	-0.875233
15	95	-0.880044
15	96	-0.883987
15	97	-0.887057
15	98	-0.889252
15	99	-0.890569
15	100	-0.891007

16	0	0.876307
16	1	0.875876
16	2	0.874581
16	3	0.872422
16	4	0.869403
16	5	0.865525
16	6	0.860793
16	7	0.855212
16	8	0.848786
16	9	0.841523
16	10	0.833429
16	11	0.824512
16	12	0.814782
16	13	0.804248
16	14	0.792919
16	15	0.780809
16	16	0.767927
16	17	0.754288
16	18	0.739905
16	19	0.724791
16	20	0.708961
16	21	0.692432
16	22	0.67522
16	23	0.657341
16	24	0.638814
16	25	0.619656
16	26	0.599887
16	27	0.579525
16	28	0.558592
16	29	0.537107
16	30	0.515092
16	31	0.492569
16	32	0.46956
16	33	0.446087
16	34	0.422174
16	35	0.397845
16	36	0.373122
16	37	0.348032
16	38	0.322598
16	39	0.296846
16	40	0.2708
16	41	0.244488
16	42	0.217934
16	43	0.191165
16	44	0.164208
16	45	0.137088
16	46	0.109833
16	47	0.0824698
16	48	0.0550251
16	49	0.0275261
16	50	-7.67929e-09
16	51	-0.0275262
16	52	-0.0550251
16	53	-0.0824698
16	54	-0.109833
16	55	-0.137088
16	56	-0.164208
16	57	-0.191165
16	58	-0.217934
16	59	-0.244488
16	60	-0.2708
16	61	-0.296846
16	62	-0.322598
16	63	-0.348032
16	64	-0.373122
16	65	-0.397845
16	66	-0.422174
16	67	-0.446087
16	68	-0.46956
16	69	-0.492569
16	70	-0.515092
16	71	-0.537107
16	72	-0.558592
16	73	-0.579525
16	74	-0.599887
16	75	-0.619656
16	76	-0.638814
16	77	-0.657341
16	78	-0.67522
16	79	-0.692432
16	80	-0.708961
16	81	-0.724791
16	82	-0.739905
16	83	-0.754288
16	84	-0.767927
16	85	-0.780809
16	86	-0.79292
16	87	-0.804248
16	88	-0.814782
16	89	-0.824512
16	90	-0.833429
16	91	-0.841523
16	92	-0.848786
16	93	-0.855212
16	94	-0.860793
16	95	-0.865525
16	96	-0.869403
16	97	-0.872422
16	98	-0.874581
16	99	-0.875876
16	100	-0.876307

17	0	0.860742
17	1	0.860319
17	2	0.859047
17	3	0.856927
17	4	0.853961
17	5	0.850152
17	6	0.845504
17	7	0.840022
17	8	0.83371
17	9	0.826576
17	10	0.818626
17	11	0.809868
17	12	0.800311
17	13	0.789963
17	14	0.778836
17	15	0.766941
17	16	0.754288
17	17	0.740891
17	18	0.726763
17	19	0.711918
17	20	0.69637
17	21	0.680134
17	22	0.663228
17	23	0.645666
17	24	0.627468
17	25	0.60865
17	26	0.589232
17	27	0.569232
17	28	0.548671
17	29	0.527567
17	30	0.505944
17	31	0.483821
17	32	0.46122
17	33	0.438164
17	34	0.414676
17	35	0.390778
17	36	0.366495
17	37	0.341851
17	38	0.316868
17	39	0.291573
17	40	0.265991
17	41	0.240146
17	42	0.214063
17	43	0.18777
17	44	0.161291
17	45	0.134653
17	46	0.107882
17	47	0.0810051
17	48	0.0540478
17	49	0.0270373
17	50	-8.11027e-09
17	51	-0.0270373
17	52	-0.0540479
17	53	-0.0810051
17	54	-0.107882
17	55	-0.134653
17	56	-0.161291
17	57	-0.18777
17	58	-0.214063
17	59	-0.240146
17	60	-0.265991
17	61	-0.291573
17	62	-0.316868
17	63	-0.341851
17	64	-0.366495
17	65	-0.390779
17	66	-0.414676
17	67	-0.438164
17	68	-0.46122
17	69	-0.483821
17	70	-0.505944
17	71	-0.527567
17	72	-0.548671
17	73	-0.569232
17	74	-0.589232
17	75	-0.60865
17	76	-0.627468
17	77	-0.645666
17	78	-0.663228
17	79	-0.680134
17	80	-0.69637
17	81	-0.711918
17	82	-0.726763
17	83	-0.740891
17	84	-0.754288
17	85	-0.766941
17	86	-0.778836
17	87	-0.789963
17	88	-0.800311
17	89	-0.809868
17	90	-0.818626
17	91	-0.826576
17	92	-0.83371
17	93	-0.840022
17	94	-0.845504
17	95	-0.850152
17	96	-0.853961
17	97	-0.856927
17	98	-0.859047
17	99	-0.860319
17	100	-0.860742

18	0	0.844328
18	1	0.843913
18	2	0.842665
18	3	0.840585
18	4	0.837676
18	5	0.83394
18	6	0.829381
18	7	0.824003
18	8	0.817812
18	9	0.810814
18	10	0.803015
18	11	0.794424
18	12	0.785049
18	13	0.774899
18	14	0.763985
18	15	0.752316
18	16	0.739905
18	17	0.726763
18	18	0.712904
18	19	0.698342
18	20	0.68309
18	21	0.667165
18	22	0.65058
18	23	0.633354
18	24	0.615503
18	25	0.597044
18	26	0.577996
18	27	0.558378
18	28	0.538208
18	29	0.517507
18	30	0.496296
18	31	0.474595
18	32	0.452425
18	33	0.429809
18	34	0.406769
18	35	0.383327
18	36	0.359507
18	37	0.335332
18	38	0.310826
18	39	0.286013
18	40	0.260919
18	41	0.235566
18	42	0.209981
18	43	0.184189
18	44	0.158216
18	45	0.132086
18	46	0.105825
18	47	0.0794604
18	48	0.0530172
18	49	0.0265217
18	50	-8.53282e-09
18	51	-0.0265217
18	52	-0.0530172
18	53	-0.0794604
18	54	-0.105825
18	55	-0.132086
18	56	-0.158216
18	57	-0.184189
18	58	-0.209981
18	59	-0.235566
18	60	-0.260919
18	61	-0.286013
18	62	-0.310826
18	63	-0.335332
18	64	-0.359507
18	65	-0.383327
18	66	-0.406769
18	67	-0.429809
18	68	-0.452425
18	69	-0.474595
18	70	-0.496296
18	71	-0.517507
18	72	-0.538208
18	73	-0.558378
18	74	-0.577996
18	75	-0.597044
18	76	-0.615503
18	77	-0.633354
18	78	-0.65058
18	79	-0.667165
18	80	-0.68309
18	81	-0.698342
18	82	-0.712904
18	83	-0.726763
18	84	-0.739905
18	85	-0.752316
18	86	-0.763985
18	87	-0.774899
18	88	-0.785049
18	89	-0.794424
18	90	-0.803015
18	91	-0.810814
18	92	-0.817812
18	93	-0.824003
18	94	-0.829381
18	95	-0.83394
18	96	-0.837676
18	97	-0.840585
18	98	-0.842665
18	99	-0.843913
18	100	-0.844328

19	0	0.827081
19	1	0.826674
19	2	0.825452
19	3	0.823415
19	4	0.820565
19	5	0.816905
19	6	0.812439
19	7	0.807171
19	8	0.801107
19	9	0.794251
19	10	0.786612
19	11	0.778197
19	12	0.769013
19	13	0.75907
19	14	0.748379
19	15	0.736948
19	16	0.724791
19	17	0.711918
19	18	0.698342
19	19	0.684077
19	20	0.669137
19	21	0.653537
19	22	0.637291
19	23	0.620417
19	24	0.60293
19	25	0.584848
19	26	0.566189
19	27	0.546972
19	28	0.527214
19	29	0.506936
19	30	0.486158
19	31	0.4649
19	32	0.443183
19	33	0.421029
19	34	0.39846
19	35	0.375497
19	36	0.352163
19	37	0.328482
19	38	0.304477
19	39	0.280171
19	40	0.255589
19	41	0.230754
19	42	0.205692
19	43	0.180427
19	44	0.154984
19	45	0.129387
19	46	0.103664
19	47	0.0778373
19	48	0.0519342
19	49	0.0259799
19	50	-8.94654e-09
19	51	-0.02598
19	52	-0.0519343
19	53	-0.0778373
19	54	-0.103664
19	55	-0.129387
19	56	-0.154984
19	57	-0.180427
19	58	-0.205692
19	59	-0.230754
19	60	-0.255589
19	61	-0.280171
19	62	-0.304477
19	63	-0.328482
19	64	-0.352163
19	65	-0.375497
19	66	-0.39846
19	67	-0.421029
19	68	-0.443183
19	69	-0.4649
19	70	-0.486158
19	71	-0.506936
19	72	-0.527214
19	73	-0.546972
19	74	-0.566189
19	75	-0.584848
19	76	-0.60293
19	77	-0.620417
19	78	-0.637291
19	79	-0.653537
19	80	-0.669137
19	81	-0.684077
19	82	-0.698342
19	83	-0.711918
19	84	-0.724791
19	85	-0.736948
19	86	-0.748379
19	87	-0.75907
19	88	-0.769013
19	89	-0.778197
19	90	-0.786612
19	91	-0.794251
19	92	-0.801107
19	93	-0.807171
19	94	-0.812439
19	95	-0.816905
19	96	-0.820565
19	97	-0.823415
19	98	-0.825452
19	99	-0.826674
19	100	-0.827081

20	0	0.809017
20	1	0.808619
20	2	0.807424
20	3	0.805431
20	4	0.802644
20	5	0.799064
20	6	0.794695
20	7	0.789543
20	8	0.78361
20	9	0.776905
20	10	0.769433
20	11	0.761201
20	12	0.752218
20	13	0.742492
20	14	0.732034
20	15	0.720854
20	16	0.708961
20	17	0.69637
20	18	0.68309
20	19	0.669137
20	20	0.654523
20	21	0.639264
20	22	0.623373
20	23	0.606867
20	24	0.589762
20	25	0.572076
20	26	0.553824
20	27	0.535026
20	28	0.5157
20	29	0.495865
20	30	0.475541
20	31	0.454747
20	32	0.433505
20	33	0.411834
20	34	0.389757
20	35	0.367296
20	36	0.344472
20	37	0.321308
20	38	0.297827
20	39	0.274052
20	40	0.250007
20	41	0.225715
20	42	0.2012
20	43	0.176487
20	44	0.151599
20	45	0.126562
20	46	0.1014
20	47	0.0761374
20	48	0.0508
20	49	0.0254126
20	50	-9.35103e-09
20	51	-0.0254126
20	52	-0.0508001
20	53	-0.0761374
20	54	-0.1014
20	55	-0.126562
20	56	-0.151599
20	57	-0.176487
20	58	-0.2012
20	59	-0.225715
20	60	-0.250007
20	61	-0.274052
20	62	-0.297827
20	63	-0.321308
20	64	-0.344472
20	65	-0.367296
20	66	-0.389757
20	67	-0.411834
20	68	-0.433505
20	69	-0.454747
20	70	-0.475541
20	71	-0.495865
20	72	-0.5157
20	73	-0.535026
20	74	-0.553824
20	75	-0.572076
20	76	-0.589762
20	77	-0.606867
20	78	-0.623373
20	79	-0.639264
20	80	-0.654523
20	81	-0.669137
20	82	-0.68309
20	83	-0.69637
20	84	-0.708961
20	85	-0.720854
20	86	-0.732034
20	87	-0.742493
20	88	-0.752218
20	89	-0.761201
20	90	-0.769433
20	91	-0.776905
20	92	-0.78361
20	93	-0.789543
20	94	-0.794695
20	95	-0.799064
20	96	-0.802644
20	97	-0.805431
20	98	-0.807424
20	99	-0.808619
20	100	-0.809017

21	0	0.790155
21	1	0.789767
21	2	0.788599
21	3	0.786653
21	4	0.78393
21	5	0.780434
21	6	0.776167
21	7	0.771135
21	8	0.765341
21	9	0.758792
21	10	0.751494
21	11	0.743454
21	12	0.73468
21	13	0.725182
21	14	0.714967
21	15	0.704047
21	16	0.692432
21	17	0.680134
21	18	0.667165
21	19	0.653537
21	20	0.639264
21	21	0.62436
21	22	0.60884
21	23	0.592719
21	24	0.576013
21	25	0.558738
21	26	0.540912
21	27	0.522552
21	28	0.503677
21	29	0.484304
21	30	0.464454
21	31	0.444145
21	32	0.423398
21	33	0.402233
21	34	0.380671
21	35	0.358733
21	36	0.336441
21	37	0.313817
21	38	0.290884
21	39	0.267663
21	40	0.244178
21	41	0.220453
21	42	0.196509
21	43	0.172372
21	44	0.148065
21	45	0.123611
21	46	0.0990356
21	47	0.0743623
21	48	0.0496157
21	49	0.0248201
21	50	-9.74589e-09
21	51	-0.0248201
21	52	-0.0496157
21	53	-0.0743623
21	54	-0.0990356
21	55	-0.123611
21	56	-0.148065
21	57	-0.172372
21	58	-0.196509
21	59	-0.220453
21	60	-0.244178
21	61	-0.267663
21	62	-0.290884
21	63	-0.313817
21	64	-0.336441
21	65	-0.358733
21	66	-0.380671
21	67	-0.402233
21	68	-0.423398
21	69	-0.444145
21	70	-0.464454
21	71	-0.484304
21	72	-0.503677
21	73	-0.522552
21	74	-0.540912
21	75	-0.558738
21	76	-0.576013
21	77	-0.592719
21	78	-0.60884
21	79	-0.62436
21	80	-0.639264
21	81	-0.653537
21	82	-0.667165
21	83	-0.680134
21	84	-0.692432
21	85	-0.704047
21	86	-0.714967
21	87	-0.725182
21	88	-0.73468
21	89	-0.743454
21	90	-0.751494
21	91	-0.758792
21	92	-0.765341
21	93	-0.771135
21	94	-0.776167
21	95	-0.780434
21	96	-0.78393
21	97	-0.786653
21	98	-0.788599
21	99	-0.789767
21	100	-0.790155

22	0	0.770513
22	1	0.770135
22	2	0.768996
22	3	0.767098
22	4	0.764443
22	5	0.761034
22	6	0.756874
22	7	0.751966
22	8	0.746316
22	9	0.73993
22	10	0.732813
22	11	0.724973
22	12	0.716418
22	13	0.707155
22	14	0.697195
22	15	0.686546
22	16	0.67522
22	17	0.663228
22	18	0.65058
22	19	0.637291
22	20	0.623373
22	21	0.60884
22	22	0.593705
22	23	0.577985
22	24	0.561694
22	25	0.544849
22	26	0.527466
22	27	0.509563
22	28	0.491157
22	29	0.472266
22	30	0.452909
22	31	0.433105
22	32	0.412873
22	33	0.392234
22	34	0.371208
22	35	0.349816
22	36	0.328078
22	37	0.306017
22	38	0.283653
22	39	0.26101
22	40	0.238109
22	41	0.214973
22	42	0.191624
22	43	0.168087
22	44	0.144384
22	45	0.120538
22	46	0.0965738
22	47	0.0725138
22	48	0.0483824
22	49	0.0242031
22	50	-1.01308e-08
22	51	-0.0242031
22	52	-0.0483824
22	53	-0.0725139
22	54	-0.0965738
22	55	-0.120538
22	56	-0.144384
22	57	-0.168087
22	58	-0.191625
22	59	-0.214973
22	60	-0.238109
22	61	-0.26101
22	62	-0.283653
22	63	-0.306017
22	64	-0.328078
22	65	-0.349816
22	66	-0.371208
22	67	-0.392234
22	68	-0.412873
22	69	-0.433105
22	70	-0.452909
22	71	-0.472266
22	72	-0.491157
22	73	-0.509563
22	74	-0.527466
22	75	-0.544849
22	76	-0.561694
22	77	-0.577985
22	78	-0.593705
22	79	-0.60884
22	80	-0.623373
22	81	-0.637291
22	82	-0.65058
22	83	-0.663228
22	84	-0.67522
22	85	-0.686546
22	86	-0.697195
22	87	-0.707155
22	88	-0.716418
22	89	-0.724973
22	90	-0.732813
22	91	-0.73993
22	92	-0.746316
22	93	-0.751966
22	94	-0.756874
22	95	-0.761034
22	96	-0.764443
22	97	-0.767098
22	98	-0.768996
22	99	-0.770135
22	100	-0.770513

23	0	0.750111
23	1	0.749743
23	2	0.748634
23	3	0.746787
23	4	0.744202
23	5	0.740883
23	6	0.736833
23	7	0.732055
23	8	0.726555
23	9	0.720338
23	10	0.713409
23	11	0.705777
23	12	0.697448
23	13	0.688431
23	14	0.678734
23	15	0.668368
23	16	0.657341
23	17	0.645666
23	18	0.633354
23	19	0.620417
23	20	0.606867
23	21	0.592719
23	22	0.577985
23	23	0.562681
23	24	0.546822
23	25	0.530423
23	26	0.5135
23	27	0.496071
23	28	0.478152
23	29	0.459761
23	30	0.440917
23	31	0.421637
23	32	0.401941
23	33	0.381849
23	34	0.361379
23	35	0.340553
23	36	0.319391
23	37	0.297914
23	38	0.276142
23	39	0.254099
23	40	0.231804
23	41	0.209281
23	42	0.186551
23	43	0.163637
23	44	0.140561
23	45	0.117347
23	46	0.0940167
23	47	0.0705938
23	48	0.0471013
23	49	0.0235623
23	50	-1.05052e-08
23	51	-0.0235623
23	52	-0.0471013
23	53	-0.0705938
23	54	-0.0940167
23	55	-0.117347
23	56	-0.140561
23	57	-0.163637
23	58	-0.186551
23	59	-0.209281
23	60	-0.231804
23	61	-0.254099
23	62	-0.276142
23	63	-0.297914
23	64	-0.319391
23	65	-0.340553
23	66	-0.361379
23	67	-0.381849
23	68	-0.401941
23	69	-0.421637
23	70	-0.440917
23	71	-0.459761
23	72	-0.478152
23	73	-0.496071
23	74	-0.5135
23	75	-0.530423
23	76	-0.546822
23	77	-0.562681
23	78	-0.577985
23	79	-0.592719
23	80	-0.606867
23	81	-0.620417
23	82	-0.633354
23	83	-0.645666
23	84	-0.657341
23	85	-0.668368
23	86	-0.678734
23	87	-0.688431
23	88	-0.697448
23	89	-0.705777
23	90	-0.713409
23	91	-0.720338
23	92	-0.726555
23	93	-0.732055
23	94	-0.736833
23	95	-0.740883
23	96	-0.744202
23	97	-0.746787
23	98	-0.748634
23	99	-0.749743
23	100	-0.750111

24	0	0.728969
24	1	0.728611
24	2	0.727533
24	3	0.725738
24	4	0.723226
24	5	0.720001
24	6	0.716065
24	7	0.711422
24	8	0.706077
24	9	0.700035
24	10	0.693302
24	11	0.685884
24	12	0.67779
24	13	0.669027
24	14	0.659604
24	15	0.649529
24	16	0.638814
24	17	0.627468
24	18	0.615503
24	19	0.60293
24	20	0.589762
24	21	0.576013
24	22	0.561694
24	23	0.546822
24	24	0.531409
24	25	0.515472
24	26	0.499027
24	27	0.482089
24	28	0.464675
24	29	0.446803
24	30	0.428489
24	31	0.409753
24	32	0.390612
24	33	0.371086
24	34	0.351194
24	35	0.330955
24	36	0.310389
24	37	0.289517
24	38	0.268359
24	39	0.246937
24	40	0.225271
24	41	0.203382
24	42	0.181293
24	43	0.159024
24	44	0.136599
24	45	0.114039
24	46	0.0913668
24	47	0.0686041
24	48	0.0457737
24	49	0.0228982
24	50	-1.0869e-08
24	51	-0.0228982
24	52	-0.0457737
24	53	-0.0686041
24	54	-0.0913668
24	55	-0.114039
24	56	-0.136599
24	57	-0.159024
24	58	-0.181293
24	59	-0.203382
24	60	-0.225271
24	61	-0.246937
24	62	-0.268359
24	63	-0.289517
24	64	-0.310389
24	65	-0.330955
24	66	-0.351194
24	67	-0.371086
24	68	-0.390612
24	69	-0.409753
24	70	-0.428489
24	71	-0.446803
24	72	-0.464675
24	73	-0.482089
24	74	-0.499027
24	75	-0.515472
24	76	-0.531409
24	77	-0.546822
24	78	-0.561694
24	79	-0.576013
24	80	-0.589762
24	81	-0.60293
24	82	-0.615503
24	83	-0.627468
24	84	-0.638814
24	85	-0.649529
24	86	-0.659604
24	87	-0.669027
24	88	-0.67779
24	89	-0.685884
24	90	-0.693302
24	91	-0.700035
24	92	-0.706077
24	93	-0.711422
24	94	-0.716065
24	95	-0.720001
24	96	-0.723226
24	97	-0.725738
24	98	-0.727533
24	99	-0.728611
24	100	-0.728969

25	0	0.707107
25	1	0.706759
25	2	0.705714
25	3	0.703973
25	4	0.701537
25	5	0.698408
25	6	0.69459
25	7	0.690086
25	8	0.684901
25	9	0.679041
25	10	0.67251
25	11	0.665315
25	12	0.657464
25	13	0.648963
25	14	0.639822
25	15	0.63005
25	16	0.619656
25	17	0.60865
25	18	0.597044
25	19	0.584848
25	20	0.572076
25	21	0.558738
25	22	0.544849
25	23	0.530423
25	24	0.515472
25	25	0.500014
25	26	0.484061
25	27	0.467631
25	28	0.45074
25	29	0.433403
25	30	0.415639
25	31	0.397465
25	32	0.378898
25	33	0.359957
25	34	0.340661
25	35	0.321029
25	36	0.301081
25	37	0.280835
25	38	0.260311
25	39	0.239531
25	40	0.218515
25	41	0.197283
25	42	0.175856
25	43	0.154255
25	44	0.132503
25	45	0.110619
25	46	0.0886268
25	47	0.0665467
25	48	0.044401
25	49	0.0222114
25	50	-1.12217e-08
25	51	-0.0222115
25	52	-0.044401
25	53	-0.0665467
25	54	-0.0886268
25	55	-0.110619
25	56	-0.132503
25	57	-0.154255
25	58	-0.175856
25	59	-0.197283
25	60	-0.218515
25	61	-0.239531
25	62	-0.260311
25	63	-0.280835
25	64	-0.301081
25	65	-0.321029
25	66	-0.340661
25	67	-0.359957
25	68	-0.378898
25	69	-0.397465
25	70	-0.415639
25	71	-0.433403
25	72	-0.45074
25	73	-0.467631
25	74	-0.484061
25	75	-0.500014
25	76	-0.515472
25	77	-0.530423
25	78	-0.544849
25	79	-0.558738
25	80	-0.572076
25	81	-0.584848
25	82	-0.597044
25	83	-0.60865
25	84	-0.619656
25	85	-0.63005
25	86	-0.639822
25	87	-0.648963
25	88	-0.657464
25	89	-0.665315
25	90	-0.67251
25	91	-0.679041
25	92	-0.684901
25	93	-0.690086
25	94	-0.69459
25	95	-0.698408
25	96	-0.701537
25	97	-0.703973
25	98	-0.705714
25	99	-0.706759
25	100	-0.707107

26	0	0.684547
26	1	0.684211
26	2	0.683199
26	3	0.681513
26	4	0.679155
26	5	0.676126
26	6	0.67243
26	7	0.66807
26	8	0.66305
26	9	0.657376
26	10	0.651054
26	11	0.644089
26	12	0.636488
26	13	0.628259
26	14	0.61941
26	15	0.609949
26	16	0.599887
26	17	0.589232
26	18	0.577996
26	19	0.566189
26	20	0.553824
26	21	0.540912
26	22	0.527466
26	23	0.5135
26	24	0.499027
26	25	0.484061
26	26	0.468618
26	27	0.452712
26	28	0.436359
26	29	0.419576
26	30	0.402379
26	31	0.384784
26	32	0.36681
26	33	0.348473
